/*--------------------------------*- C++ -*----------------------------------*\
| =========                 |                                                 |
| \\      /  F ield         | OpenFOAM: The Open Source CFD Toolbox           |
|  \\    /   O peration     | Version:  2412                                  |
|   \\  /    A nd           | Website:  www.openfoam.com                      |
|    \\/     M anipulation  |                                                 |
\*---------------------------------------------------------------------------*/
FoamFile
{
    version     2.0;
    format      ascii;
    arch        "LSB;label=32;scalar=64";
    class       vectorField;
    location    "constant/polyMesh";
    object      points;
}
// * * * * * * * * * * * * * * * * * * * * * * * * * * * * * * * * * * * * * //


1849
(
(-5 -5.000000596 5.000001013)
(-5 -5.000000596 5.600001013)
(5 -5.000000596 5.600001013)
(5 -5.000000596 5.000001013)
(5 4.999999404 5.600001013)
(5 4.999999404 5.000001013)
(-5 4.999999404 5.600001013)
(-5 4.999999404 5.000001013)
(-75 -75 -75)
(-75 -75 75)
(75 -75 75)
(75 -75 -75)
(-75 75 -75)
(-75 75 75)
(75 75 75)
(75 75 -75)
(-25 -17.5000006 3.400001013)
(-25 -17.5000006 5.000001013)
(25 -17.5000006 5.000001013)
(25 -17.5000006 3.400001013)
(-25 17.4999994 3.400001013)
(-25 17.4999994 5.000001013)
(25 17.4999994 5.000001013)
(25 17.4999994 3.400001013)
(-3 -5.000000596 5.600001013)
(-1 -5.000000596 5.600001013)
(1 -5.000000596 5.600001013)
(3 -5.000000596 5.600001013)
(-3 -5.000000596 5.000001013)
(-1 -5.000000596 5.000001013)
(1 -5.000000596 5.000001013)
(3 -5.000000596 5.000001013)
(5 -3.000000596 5.600001013)
(5 -1.000000596 5.600001013)
(5 0.999999404 5.600001013)
(5 2.999999404 5.600001013)
(5 -3.000000596 5.000001013)
(5 -1.000000596 5.000001013)
(5 0.999999404 5.000001013)
(5 2.999999404 5.000001013)
(3 4.999999404 5.600001013)
(1 4.999999404 5.600001013)
(-1 4.999999404 5.600001013)
(-3 4.999999404 5.600001013)
(3 4.999999404 5.000001013)
(1 4.999999404 5.000001013)
(-1 4.999999404 5.000001013)
(-3 4.999999404 5.000001013)
(-5 2.999999404 5.600001013)
(-5 0.999999404 5.600001013)
(-5 -1.000000596 5.600001013)
(-5 -3.000000596 5.600001013)
(-5 2.999999404 5.000001013)
(-5 0.999999404 5.000001013)
(-5 -1.000000596 5.000001013)
(-5 -3.000000596 5.000001013)
(-75 -75 -50)
(-75 -75 -25)
(-75 -75 -1.98951966e-13)
(-75 -75 25)
(-75 -75 50)
(-50 -75 75)
(-25 -75 75)
(-1.98951966e-13 -75 75)
(25 -75 75)
(50 -75 75)
(75 -75 -50)
(75 -75 -25)
(75 -75 -1.98951966e-13)
(75 -75 25)
(75 -75 50)
(-50 -75 -75)
(-25 -75 -75)
(-1.98951966e-13 -75 -75)
(25 -75 -75)
(50 -75 -75)
(-75 75 -50)
(-75 75 -25)
(-75 75 -1.98951966e-13)
(-75 75 25)
(-75 75 50)
(-75 50 75)
(-75 25 75)
(-75 1.98951966e-13 75)
(-75 -25 75)
(-75 -50 75)
(-75 50 -75)
(-75 25 -75)
(-75 1.98951966e-13 -75)
(-75 -25 -75)
(-75 -50 -75)
(75 -50 75)
(75 -25 75)
(75 -1.98951966e-13 75)
(75 25 75)
(75 50 75)
(50 75 75)
(25 75 75)
(1.98951966e-13 75 75)
(-25 75 75)
(-50 75 75)
(75 75 -50)
(75 75 -25)
(75 75 -1.98951966e-13)
(75 75 25)
(75 75 50)
(75 -50 -75)
(75 -25 -75)
(75 -1.98951966e-13 -75)
(75 25 -75)
(75 50 -75)
(50 75 -75)
(25 75 -75)
(1.98951966e-13 75 -75)
(-25 75 -75)
(-50 75 -75)
(-23 -17.5000006 5.000001013)
(-21 -17.5000006 5.000001013)
(-19 -17.5000006 5.000001013)
(-17 -17.5000006 5.000001013)
(-15 -17.5000006 5.000001013)
(-13 -17.5000006 5.000001013)
(-11 -17.5000006 5.000001013)
(-9 -17.5000006 5.000001013)
(-7 -17.5000006 5.000001013)
(-5 -17.5000006 5.000001013)
(-3 -17.5000006 5.000001013)
(-1 -17.5000006 5.000001013)
(1 -17.5000006 5.000001013)
(3 -17.5000006 5.000001013)
(5 -17.5000006 5.000001013)
(7 -17.5000006 5.000001013)
(9 -17.5000006 5.000001013)
(11 -17.5000006 5.000001013)
(13 -17.5000006 5.000001013)
(15 -17.5000006 5.000001013)
(17 -17.5000006 5.000001013)
(19 -17.5000006 5.000001013)
(21 -17.5000006 5.000001013)
(23 -17.5000006 5.000001013)
(-23 -17.5000006 3.400001013)
(-21 -17.5000006 3.400001013)
(-19 -17.5000006 3.400001013)
(-17 -17.5000006 3.400001013)
(-15 -17.5000006 3.400001013)
(-13 -17.5000006 3.400001013)
(-11 -17.5000006 3.400001013)
(-9 -17.5000006 3.400001013)
(-7 -17.5000006 3.400001013)
(-5 -17.5000006 3.400001013)
(-3 -17.5000006 3.400001013)
(-1 -17.5000006 3.400001013)
(1 -17.5000006 3.400001013)
(3 -17.5000006 3.400001013)
(5 -17.5000006 3.400001013)
(7 -17.5000006 3.400001013)
(9 -17.5000006 3.400001013)
(11 -17.5000006 3.400001013)
(13 -17.5000006 3.400001013)
(15 -17.5000006 3.400001013)
(17 -17.5000006 3.400001013)
(19 -17.5000006 3.400001013)
(21 -17.5000006 3.400001013)
(23 -17.5000006 3.400001013)
(-25 15.55555496 5.000001013)
(-25 13.61111052 5.000001013)
(-25 11.66666607 5.000001013)
(-25 9.722221626 5.000001013)
(-25 7.777777182 5.000001013)
(-25 5.833332737 5.000001013)
(-25 3.888888293 5.000001013)
(-25 1.944443848 5.000001013)
(-25 -5.96047002e-07 5.000001013)
(-25 -1.94444504 5.000001013)
(-25 -3.888889485 5.000001013)
(-25 -5.833333929 5.000001013)
(-25 -7.777778374 5.000001013)
(-25 -9.722222818 5.000001013)
(-25 -11.66666726 5.000001013)
(-25 -13.61111171 5.000001013)
(-25 -15.55555615 5.000001013)
(-25 15.55555496 3.400001013)
(-25 13.61111052 3.400001013)
(-25 11.66666607 3.400001013)
(-25 9.722221626 3.400001013)
(-25 7.777777182 3.400001013)
(-25 5.833332737 3.400001013)
(-25 3.888888293 3.400001013)
(-25 1.944443848 3.400001013)
(-25 -5.96047002e-07 3.400001013)
(-25 -1.94444504 3.400001013)
(-25 -3.888889485 3.400001013)
(-25 -5.833333929 3.400001013)
(-25 -7.777778374 3.400001013)
(-25 -9.722222818 3.400001013)
(-25 -11.66666726 3.400001013)
(-25 -13.61111171 3.400001013)
(-25 -15.55555615 3.400001013)
(25 -15.55555615 5.000001013)
(25 -13.61111171 5.000001013)
(25 -11.66666726 5.000001013)
(25 -9.722222818 5.000001013)
(25 -7.777778374 5.000001013)
(25 -5.833333929 5.000001013)
(25 -3.888889485 5.000001013)
(25 -1.94444504 5.000001013)
(25 -5.960469984e-07 5.000001013)
(25 1.944443848 5.000001013)
(25 3.888888293 5.000001013)
(25 5.833332737 5.000001013)
(25 7.777777182 5.000001013)
(25 9.722221626 5.000001013)
(25 11.66666607 5.000001013)
(25 13.61111052 5.000001013)
(25 15.55555496 5.000001013)
(23 17.4999994 5.000001013)
(21 17.4999994 5.000001013)
(19 17.4999994 5.000001013)
(17 17.4999994 5.000001013)
(15 17.4999994 5.000001013)
(13 17.4999994 5.000001013)
(11 17.4999994 5.000001013)
(9 17.4999994 5.000001013)
(7 17.4999994 5.000001013)
(5 17.4999994 5.000001013)
(3 17.4999994 5.000001013)
(1 17.4999994 5.000001013)
(-1 17.4999994 5.000001013)
(-3 17.4999994 5.000001013)
(-5 17.4999994 5.000001013)
(-7 17.4999994 5.000001013)
(-9 17.4999994 5.000001013)
(-11 17.4999994 5.000001013)
(-13 17.4999994 5.000001013)
(-15 17.4999994 5.000001013)
(-17 17.4999994 5.000001013)
(-19 17.4999994 5.000001013)
(-21 17.4999994 5.000001013)
(-23 17.4999994 5.000001013)
(25 -15.55555615 3.400001013)
(25 -13.61111171 3.400001013)
(25 -11.66666726 3.400001013)
(25 -9.722222818 3.400001013)
(25 -7.777778374 3.400001013)
(25 -5.833333929 3.400001013)
(25 -3.888889485 3.400001013)
(25 -1.94444504 3.400001013)
(25 -5.960469984e-07 3.400001013)
(25 1.944443848 3.400001013)
(25 3.888888293 3.400001013)
(25 5.833332737 3.400001013)
(25 7.777777182 3.400001013)
(25 9.722221626 3.400001013)
(25 11.66666607 3.400001013)
(25 13.61111052 3.400001013)
(25 15.55555496 3.400001013)
(23 17.4999994 3.400001013)
(21 17.4999994 3.400001013)
(19 17.4999994 3.400001013)
(17 17.4999994 3.400001013)
(15 17.4999994 3.400001013)
(13 17.4999994 3.400001013)
(11 17.4999994 3.400001013)
(9 17.4999994 3.400001013)
(7 17.4999994 3.400001013)
(5 17.4999994 3.400001013)
(3 17.4999994 3.400001013)
(1 17.4999994 3.400001013)
(-1 17.4999994 3.400001013)
(-3 17.4999994 3.400001013)
(-5 17.4999994 3.400001013)
(-7 17.4999994 3.400001013)
(-9 17.4999994 3.400001013)
(-11 17.4999994 3.400001013)
(-13 17.4999994 3.400001013)
(-15 17.4999994 3.400001013)
(-17 17.4999994 3.400001013)
(-19 17.4999994 3.400001013)
(-21 17.4999994 3.400001013)
(-23 17.4999994 3.400001013)
(0 -5.960465615e-07 5.000001013)
(-2.125 -2.125000596 5.000001013)
(2.125 -2.125000596 5.000001013)
(2.125 2.124999404 5.000001013)
(-2.125 2.124999404 5.000001013)
(-0.1032608696 -2.960645127 5.000001013)
(2.960644531 -0.1032614656 5.000001013)
(0.1032608696 2.960643935 5.000001013)
(-2.960644531 0.1032602735 5.000001013)
(-3.355378257 -3.355378853 5.000001013)
(3.355378257 -3.355378853 5.000001013)
(3.355378257 3.355377661 5.000001013)
(-3.355378257 3.355377661 5.000001013)
(-1.316566513 -0.696557481 5.000001013)
(0.755291683 -1.167954354 5.000001013)
(1.172948214 0.767928226 5.000001013)
(-0.7539856739 1.170017072 5.000001013)
(-1.916727825 -3.688205154 5.000001013)
(1.875423477 -3.688205154 5.000001013)
(3.688204558 -1.916728421 5.000001013)
(3.688204558 1.875422881 5.000001013)
(1.916727825 3.688203962 5.000001013)
(-1.875423477 3.688203962 5.000001013)
(-3.688204558 1.916727229 5.000001013)
(-3.688204558 -1.875424073 5.000001013)
(0 -5.960465615e-07 5.600001013)
(-2.125 -2.125000596 5.600001013)
(2.125 -2.125000596 5.600001013)
(2.125 2.124999404 5.600001013)
(-2.125 2.124999404 5.600001013)
(-0.1032608696 -2.960645127 5.600001013)
(2.960644531 -0.1032614656 5.600001013)
(0.1032608696 2.960643935 5.600001013)
(-2.960644531 0.1032602735 5.600001013)
(-3.355378257 -3.355378853 5.600001013)
(3.355378257 -3.355378853 5.600001013)
(3.355378257 3.355377661 5.600001013)
(-3.355378257 3.355377661 5.600001013)
(-1.316566513 -0.696557481 5.600001013)
(0.755291683 -1.167954354 5.600001013)
(1.172948214 0.767928226 5.600001013)
(-0.7539856739 1.170017072 5.600001013)
(-1.916727825 -3.688205154 5.600001013)
(1.875423477 -3.688205154 5.600001013)
(3.688204558 -1.916728421 5.600001013)
(3.688204558 1.875422881 5.600001013)
(1.916727825 3.688203962 5.600001013)
(-1.875423477 3.688203962 5.600001013)
(-3.688204558 1.916727229 5.600001013)
(-3.688204558 -1.875424073 5.600001013)
(0 -75 0)
(40.625 -75 40.625)
(40.625 -75 -40.625)
(-40.625 -75 40.625)
(-46.42857143 -75 -46.42857143)
(-42.55648688 -75 -4.418731778)
(-3.524785591 -75 -41.43384134)
(51.04166667 -75 -1.421085472e-13)
(-1.136868377e-13 -75 51.04166667)
(-61.6458637 -75 61.6458637)
(61.6458637 -75 -61.6458637)
(61.88990264 -75 61.88990264)
(-62.17461474 -75 -62.17461474)
(-75 0 0)
(-75 -40.625 40.625)
(-75 -40.625 -40.625)
(-75 40.625 40.625)
(-75 46.42857143 -46.42857143)
(-75 42.55648688 -4.418731778)
(-75 3.524785591 -41.43384134)
(-75 -51.04166667 -1.421085472e-13)
(-75 1.136868377e-13 51.04166667)
(-75 -61.6458637 -61.6458637)
(-75 61.6458637 61.6458637)
(-75 -61.88990264 61.88990264)
(-75 62.17461474 -62.17461474)
(-3.791682133e-16 0 75)
(40.625 -40.625 75)
(-40.625 40.625 75)
(40.625 40.625 75)
(-40.625 -40.625 75)
(-51.04166667 1.184237893e-13 75)
(51.04166667 -1.172395514e-13 75)
(-1.172395514e-13 -51.04166667 75)
(1.160553135e-13 51.04166667 75)
(-61.88990264 -61.88990264 75)
(61.88990264 -61.88990264 75)
(-61.88990264 61.88990264 75)
(61.88990264 61.88990264 75)
(75 0 0)
(75 40.625 40.625)
(75 -40.625 40.625)
(75 40.625 -40.625)
(75 -46.42857143 -46.42857143)
(75 -42.55648688 -4.418731778)
(75 -3.524785591 -41.43384134)
(75 51.04166667 -1.278976924e-13)
(75 -1.278976924e-13 51.04166667)
(75 -61.6458637 61.6458637)
(75 61.6458637 -61.6458637)
(75 61.88990264 61.88990264)
(75 -62.17461474 -62.17461474)
(-8.092004553e-16 2.312001301e-16 -75)
(-40.625 40.625 -75)
(40.625 40.625 -75)
(-40.625 -40.625 -75)
(40.625 -40.625 -75)
(-1.172395514e-13 -51.04166667 -75)
(-51.04166667 1.184237893e-13 -75)
(51.04166667 -1.160553135e-13 -75)
(1.196080272e-13 51.04166667 -75)
(-61.88990264 -61.88990264 -75)
(61.88990264 -61.88990264 -75)
(-61.88990264 61.88990264 -75)
(61.88990264 61.88990264 -75)
(0 75 0)
(-40.625 75 40.625)
(-40.625 75 -40.625)
(40.625 75 40.625)
(46.42857143 75 -46.42857143)
(42.55648688 75 -4.418731778)
(3.524785591 75 -41.43384134)
(-51.04166667 75 -1.421085472e-13)
(1.136868377e-13 75 51.04166667)
(-61.88990264 75 -61.88990264)
(61.6458637 75 61.6458637)
(-61.88990264 75 61.88990264)
(62.17461474 75 -62.17461474)
(-24 -17.5000006 4.200001013)
(24 -17.5000006 4.200001013)
(-22 -17.5000006 4.200001013)
(-20 -17.5000006 4.200001013)
(-18 -17.5000006 4.200001013)
(-16 -17.5000006 4.200001013)
(-14 -17.5000006 4.200001013)
(-12 -17.5000006 4.200001013)
(-10 -17.5000006 4.200001013)
(-8 -17.5000006 4.200001013)
(-6 -17.5000006 4.200001013)
(-4 -17.5000006 4.200001013)
(-2 -17.5000006 4.200001013)
(0 -17.5000006 4.200001013)
(2 -17.5000006 4.200001013)
(4 -17.5000006 4.200001013)
(6 -17.5000006 4.200001013)
(8 -17.5000006 4.200001013)
(10 -17.5000006 4.200001013)
(12 -17.5000006 4.200001013)
(14 -17.5000006 4.200001013)
(16 -17.5000006 4.200001013)
(18 -17.5000006 4.200001013)
(20 -17.5000006 4.200001013)
(22 -17.5000006 4.200001013)
(-25 -2.916667263 4.200001013)
(-25 -10.69444504 4.200001013)
(-25 -14.58333393 4.200001013)
(-25 16.52777718 4.200001013)
(-25 10.69444385 4.200001013)
(-25 -6.805556152 4.200001013)
(-25 0.9722216262 4.200001013)
(-25 6.80555496 4.200001013)
(-25 4.861110515 4.200001013)
(-25 2.916666071 4.200001013)
(-25 -0.9722228183 4.200001013)
(-25 -4.861111707 4.200001013)
(-25 -12.63888948 4.200001013)
(-25 14.58333274 4.200001013)
(-25 12.63888829 4.200001013)
(-25 8.749999404 4.200001013)
(-25 -8.750000596 4.200001013)
(-25 -16.52777837 4.200001013)
(-14.77388562 -6.838741714 5.000001013)
(14.93048492 -6.875367509 5.000001013)
(14.8849698 6.782185664 5.000001013)
(-14.8849698 6.782185664 5.000001013)
(-17.55277947 0.09756030765 5.000001013)
(17.55277947 0.09756030765 5.000001013)
(8.98111933 -10.56044056 5.000001013)
(-9.098342239 -10.72272333 5.000001013)
(8.904038548 10.50240928 5.000001013)
(-9.123372237 10.57052029 5.000001013)
(11.40858297 -1.440999883 5.000001013)
(-11.40858297 -1.440999883 5.000001013)
(-2.092048382 -11.23799805 5.000001013)
(2.05991449 11.26836388 5.000001013)
(-18.78600187 -11.4694657 5.000001013)
(18.78600187 -11.4694657 5.000001013)
(-18.78511101 11.46861657 5.000001013)
(18.78511101 11.46861657 5.000001013)
(-3.62082209 11.87834173 5.000001013)
(3.62082209 -11.87834292 5.000001013)
(10.57642112 4.180685851 5.000001013)
(-10.45697347 3.9743739 5.000001013)
(-19.74935111 -5.150856783 5.000001013)
(19.74935111 -5.150856783 5.000001013)
(-19.83009819 4.861110515 5.000001013)
(19.83009819 4.861110515 5.000001013)
(-13.82620407 -12.50884533 5.000001013)
(13.82652281 -12.50916443 5.000001013)
(-13.8265799 12.66881752 5.000001013)
(13.82524141 12.66851122 5.000001013)
(-9.770372872 -5.777856859 5.000001013)
(9.667952148 -5.856068919 5.000001013)
(5.686941641 13.4234035 5.000001013)
(-5.745752264 -13.35102741 5.000001013)
(14.37915345 2.631085482 5.000001013)
(-14.37915345 2.631085482 5.000001013)
(-5.267056911 -8.660214961 5.000001013)
(5.321443662 8.652643865 5.000001013)
(-15.03927172 -2.895546999 5.000001013)
(15.03927172 -2.895546999 5.000001013)
(1.451721355 -9.022298358 5.000001013)
(-1.276710588 8.78916716 5.000001013)
(21.04925619 0.8017763996 5.000001013)
(-21.18716333 0.8980609935 5.000001013)
(-21.24668024 -8.281618463 5.000001013)
(-21.24274859 8.397390762 5.000001013)
(21.24668024 -8.281618463 5.000001013)
(21.24274859 8.397390762 5.000001013)
(6.037434851 -8.886943858 5.000001013)
(-5.869578726 8.795247362 5.000001013)
(7.156028052 -14.02326672 5.000001013)
(-6.991552871 13.4781297 5.000001013)
(10.84518463 7.196740346 5.000001013)
(-10.97710869 7.242492958 5.000001013)
(0.6728963692 -14.35339505 5.000001013)
(-0.4884878555 13.80371428 5.000001013)
(-10.74422249 -13.84789838 5.000001013)
(10.82570032 14.17273059 5.000001013)
(10.50809295 -13.782508 5.000001013)
(-10.4769819 14.17253845 5.000001013)
(21.60629185 -14.13252522 5.000001013)
(-21.60629185 -14.13252522 5.000001013)
(21.60629185 14.13252403 5.000001013)
(-21.60629185 14.13252403 5.000001013)
(-8.347862148 0.7148400526 5.000001013)
(8.581850642 0.7707410148 5.000001013)
(12.39835779 -9.253084546 5.000001013)
(-12.39835779 -9.253084546 5.000001013)
(7.61458533 6.835795671 5.000001013)
(-16.8561005 -14.10916493 5.000001013)
(16.8561005 -14.10916493 5.000001013)
(16.8561005 14.10916374 5.000001013)
(-16.8561005 14.10916374 5.000001013)
(8.182019624 -2.680898725 5.000001013)
(-8.133101108 -2.762763359 5.000001013)
(-8.137818244 6.375883626 5.000001013)
(-17.91746766 -8.167104725 5.000001013)
(17.91746766 -8.167104725 5.000001013)
(-17.92913481 8.247844899 5.000001013)
(17.92913481 8.247844899 5.000001013)
(-21.60384609 -2.078554837 5.000001013)
(21.76427667 -2.249259673 5.000001013)
(-2 -8.045000596 5.000001013)
(2 8.044999404 5.000001013)
(-2.995695309 -14.64130048 5.000001013)
(2.982990034 14.63866271 5.000001013)
(-12.58229775 -4.79071609 5.000001013)
(12.55089008 -4.609856405 5.000001013)
(17.39677873 3.031976246 5.000001013)
(-17.39677873 3.031976246 5.000001013)
(15.37396323 9.954619986 5.000001013)
(-15.37396323 9.954619986 5.000001013)
(15.3574659 -9.81630189 5.000001013)
(-15.3574659 -9.81630189 5.000001013)
(22.2151847 11.11293907 5.000001013)
(-22.15274769 -11.14523463 5.000001013)
(-22.2151847 11.11293907 5.000001013)
(22.15274769 -11.14523463 5.000001013)
(-4 14.76532463 5.000001013)
(4 -14.76532582 5.000001013)
(-12.10237898 10.31441227 5.000001013)
(12.09573787 10.26386194 5.000001013)
(-14.29282131 -0.111325414 5.000001013)
(14.29282131 -0.111325414 5.000001013)
(11.78577188 1.410625698 5.000001013)
(-11.68642011 1.35332109 5.000001013)
(-17.88421748 -2.871913755 5.000001013)
(17.88421748 -2.871913755 5.000001013)
(-22.48676586 3.469041049 5.000001013)
(22.48676586 3.469041049 5.000001013)
(7.45899765 3.922230145 5.000001013)
(-7.97426419 -8.049105447 5.000001013)
(-8.044756125 -14.97546149 5.000001013)
(8.00477399 14.92366578 5.000001013)
(12.89975082 4.955796991 5.000001013)
(-12.89975082 4.955796991 5.000001013)
(-7.556944038 3.641031518 5.000001013)
(22.50646437 -4.861111707 5.000001013)
(-22.50646437 -4.861111707 5.000001013)
(-16.7934426 -5.282146434 5.000001013)
(16.7934426 -5.282146434 5.000001013)
(17.15716232 5.521716042 5.000001013)
(-17.15716232 5.521716042 5.000001013)
(-3.197162804 7.598761282 5.000001013)
(3.401974626 -7.602652078 5.000001013)
(-13.90078673 -14.75376819 5.000001013)
(13.90208149 -14.75509579 5.000001013)
(13.90067213 14.77277498 5.000001013)
(-13.90208829 14.77410106 5.000001013)
(7.281467488 -6.426579923 5.000001013)
(22.4064643 5.950537328 5.000001013)
(-22.4064643 5.950537328 5.000001013)
(6.013757466 -11.23009821 5.000001013)
(-6.62624593 11.15486466 5.000001013)
(0.1335289875 -11.11658424 5.000001013)
(-1.395441989 11.29449577 5.000001013)
(11.7954319 -11.62488138 5.000001013)
(-11.61939909 -11.60951566 5.000001013)
(-19.14899374 -14.91756432 5.000001013)
(19.14899374 -14.91756432 5.000001013)
(19.14899374 14.91756313 5.000001013)
(-19.14899374 14.91756313 5.000001013)
(10.13159574 -8.35291012 5.000001013)
(-4.44398683 -11.71335223 5.000001013)
(6.792321588 11.5757463 5.000001013)
(-7.355066461 -4.950997307 5.000001013)
(4.392676963 11.67162874 5.000001013)
(-6.790279366 -11.71575677 5.000001013)
(-10.27932705 -7.67791236 5.000001013)
(-19.96918599 -0.8632755443 5.000001013)
(19.85954919 -0.8640491601 5.000001013)
(10.89770695 -3.885109325 5.000001013)
(-10.96934125 -3.937903334 5.000001013)
(-16.65860977 11.90246574 5.000001013)
(16.65860977 11.90246574 5.000001013)
(-16.64605025 -11.85604315 5.000001013)
(16.64605025 -11.85604315 5.000001013)
(19.26874803 2.560942643 5.000001013)
(-19.39366264 2.570122399 5.000001013)
(8.812790776 -15.062602 5.000001013)
(-8.830085457 14.97422746 5.000001013)
(-3.843384916 -7.05286432 5.000001013)
(3.903414925 7.116181145 5.000001013)
(13.49010916 8.542921688 5.000001013)
(-13.49035612 8.544801497 5.000001013)
(11.97369165 -7.471319915 5.000001013)
(8.538270705 12.30970895 5.000001013)
(-8.424481766 -12.62636565 5.000001013)
(-12.7189372 -7.0234172 5.000001013)
(-8.025299936 8.556792559 5.000001013)
(-4.805522068 -15.27883364 5.000001013)
(4.805522068 15.27883245 5.000001013)
(7.602766699 8.950386174 5.000001013)
(15.54132766 5.006833037 5.000001013)
(-15.54132766 5.006833037 5.000001013)
(-0.2183938652 -7.107974375 5.000001013)
(0.2433954034 7.074668897 5.000001013)
(-23.14611054 -6.738920244 5.000001013)
(23.14611054 -6.738920244 5.000001013)
(7.289501778 -0.9636302015 5.000001013)
(-7.223674938 -0.9468912709 5.000001013)
(8.057864033 -8.648942387 5.000001013)
(2.155567886 -15.66001777 5.000001013)
(-2.207865059 15.6298439 5.000001013)
(3.200197693 -9.758684599 5.000001013)
(-3.108250821 9.76113106 5.000001013)
(-22.91730274 -0.4559302091 5.000001013)
(22.91730274 -0.4559302091 5.000001013)
(-6.37435929 -7.085917234 5.000001013)
(15.82386056 1.327598769 5.000001013)
(-15.82386056 1.327598769 5.000001013)
(-12.15344924 -15.65717566 5.000001013)
(12.16507255 15.70629467 5.000001013)
(12.16225685 -15.67507573 5.000001013)
(-12.15781338 15.73350856 5.000001013)
(-5.746973137 15.55886788 5.000001013)
(5.913905364 -15.61110143 5.000001013)
(-19.64807033 7.450849633 5.000001013)
(-19.64309097 -7.334118292 5.000001013)
(19.64309097 -7.334118292 5.000001013)
(19.64807033 7.450849633 5.000001013)
(8.831634372 -12.68062607 5.000001013)
(-8.968818345 12.73744753 5.000001013)
(1.036249701 15.26942064 5.000001013)
(-1.053440371 -15.29192245 5.000001013)
(6.792601496 2.260355721 5.000001013)
(10.06130775 5.943113205 5.000001013)
(22.99834366 -15.54874409 5.000001013)
(-22.99834366 -15.54874409 5.000001013)
(22.99834366 15.5487429 5.000001013)
(-22.99834366 15.5487429 5.000001013)
(6.864076001 -4.127394562 5.000001013)
(13.09251778 -3.233159878 5.000001013)
(-13.10969144 -3.272102161 5.000001013)
(-23.14375793 9.124321695 5.000001013)
(23.14375793 9.124321695 5.000001013)
(3.414989296 9.548970104 5.000001013)
(-6.380267746 6.726277406 5.000001013)
(-15.95076427 -1.009249631 5.000001013)
(15.95076427 -1.009249631 5.000001013)
(10.59651485 12.08505525 5.000001013)
(-10.69773069 11.87211741 5.000001013)
(23.02554212 -9.331589672 5.000001013)
(-23.02554212 -9.331589672 5.000001013)
(-3.426901557 -9.541071123 5.000001013)
(-6.698197442 2.117386165 5.000001013)
(19.53481569 -9.582712632 5.000001013)
(-19.53481569 -9.582712632 5.000001013)
(-19.53676401 9.62725894 5.000001013)
(19.53676401 9.62725894 5.000001013)
(9.419658926 -1.070725569 5.000001013)
(-9.419658926 -1.070725569 5.000001013)
(-0.8994007586 -9.493242362 5.000001013)
(0.7848685756 9.672431447 5.000001013)
(-23.20381234 -12.73289986 5.000001013)
(23.20381234 -12.73289986 5.000001013)
(23.20936616 12.72506798 5.000001013)
(-23.20936616 12.72506798 5.000001013)
(-9.925377471 5.911225419 5.000001013)
(9.717812252 8.688012461 5.000001013)
(-14.86972911 -4.955826652 5.000001013)
(14.76871612 -4.922922106 5.000001013)
(-19.59654566 -2.92377092 5.000001013)
(19.73144441 -2.90720153 5.000001013)
(1.528410845 13.21117659 5.000001013)
(-1.032916143 -13.1173273 5.000001013)
(2.717646884 -13.66645887 5.000001013)
(-2.570830462 13.4759022 5.000001013)
(9.726975471 15.73361135 5.000001013)
(-9.72252348 -15.69543019 5.000001013)
(-23.07298877 1.813370301 5.000001013)
(23.07298877 1.813370301 5.000001013)
(-4.819697639 13.39028856 5.000001013)
(5.20773069 -13.28620334 5.000001013)
(6.039293506 7.152043573 5.000001013)
(-15.64091806 15.7017006 5.000001013)
(15.64071575 15.70151116 5.000001013)
(15.64091709 -15.69898658 5.000001013)
(-15.64073212 -15.69879693 5.000001013)
(5.115566547 -6.995276725 5.000001013)
(19.83856237 13.05238162 5.000001013)
(-19.83856237 13.05238162 5.000001013)
(19.83863812 -13.05245491 5.000001013)
(-19.83863812 -13.05245491 5.000001013)
(-12.47594761 -13.73371931 5.000001013)
(12.27528724 13.5524022 5.000001013)
(12.46685787 -13.71431376 5.000001013)
(-12.23400089 13.52105387 5.000001013)
(-12.48900244 3.037614076 5.000001013)
(12.52440654 3.083847217 5.000001013)
(-17.43145349 -9.921003464 5.000001013)
(17.43145349 -9.921003464 5.000001013)
(17.46292344 10.0010352 5.000001013)
(-17.46292344 10.0010352 5.000001013)
(8.777044502 2.988424964 5.000001013)
(-10.00052887 8.781356547 5.000001013)
(-4.847017406 10.38178072 5.000001013)
(-10.10431625 2.017025016 5.000001013)
(13.98260397 -8.341969731 5.000001013)
(-14.08281977 -8.458120016 5.000001013)
(13.67428437 -10.60453903 5.000001013)
(-13.67428437 -10.60453903 5.000001013)
(-1.646095598 6.692519229 5.000001013)
(1.89667267 -6.67253761 5.000001013)
(23.36237152 -3.003032427 5.000001013)
(-23.25288509 -3.068524123 5.000001013)
(20.87544205 -15.68265628 5.000001013)
(-20.87544205 -15.68265628 5.000001013)
(20.87544205 15.68265509 5.000001013)
(-20.87544205 15.68265509 5.000001013)
(-21.25222734 -6.030241762 5.000001013)
(21.25222734 -6.030241762 5.000001013)
(16.06515026 -8.241974315 5.000001013)
(-16.06035574 -8.248736602 5.000001013)
(16.04987289 8.247801076 5.000001013)
(-16.04988789 8.247915253 5.000001013)
(13.75298267 10.65378471 5.000001013)
(-13.75298267 10.65378471 5.000001013)
(-3.036122579 -12.80474063 5.000001013)
(-19.15772382 0.6455594953 5.000001013)
(19.07371169 0.5640910211 5.000001013)
(12.88293375 6.741472725 5.000001013)
(-12.88293375 6.741472725 5.000001013)
(-17.54830274 15.91034119 5.000001013)
(17.54827384 15.91031413 5.000001013)
(17.5483026 -15.9099545 5.000001013)
(-17.54827618 -15.9099274 5.000001013)
(15.2694129 -13.47907157 5.000001013)
(-15.27200561 13.51456352 5.000001013)
(-15.2691988 -13.47885296 5.000001013)
(15.27165359 13.51434664 5.000001013)
(-10.67247585 -9.793357262 5.000001013)
(-6.54786992 -15.52139521 5.000001013)
(6.529729273 15.52975762 5.000001013)
(3.087430697 12.75464026 5.000001013)
(6.779221897 5.366347212 5.000001013)
(10.71935261 -10.06725765 5.000001013)
(-6.510586532 -3.475591093 5.000001013)
(-23.50954519 4.764503434 5.000001013)
(23.50954519 4.764503434 5.000001013)
(4.713157678 -10.12974141 5.000001013)
(-16.56857375 -3.785728401 5.000001013)
(16.55173825 -3.78024431 5.000001013)
(10.29662811 -15.90403738 5.000001013)
(-10.29297615 15.97605465 5.000001013)
(6.647706874 -2.541830762 5.000001013)
(10.54943303 0.3461228965 5.000001013)
(-18.2551569 -13.0809386 5.000001013)
(18.2551569 -13.0809386 5.000001013)
(18.25747548 13.09003816 5.000001013)
(-18.25747548 13.09003816 5.000001013)
(-11.33979719 -5.946595691 5.000001013)
(8.76981412 -4.239223134 5.000001013)
(-6.786509684 5.09404707 5.000001013)
(-10.47476875 0.2894098931 5.000001013)
(-7.060398385 -9.431187089 5.000001013)
(-2.006303957 -6.400578164 5.000001013)
(2.020972904 6.421777119 5.000001013)
(20.53374291 -11.42134249 5.000001013)
(20.54129276 11.42269047 5.000001013)
(-20.53374291 -11.42134249 5.000001013)
(-20.54129276 11.42269047 5.000001013)
(-8.949101646 -4.343051271 5.000001013)
(8.786732573 -7.20762881 5.000001013)
(-13.33951808 1.319233441 5.000001013)
(13.33951808 1.319233441 5.000001013)
(7.380423676 -10.30820723 5.000001013)
(21.22166678 -3.814825086 5.000001013)
(-21.22166678 -3.814825086 5.000001013)
(2.004218256 -10.94280356 5.000001013)
(-23.70667575 10.69444385 5.000001013)
(23.70667575 10.69444385 5.000001013)
(12.33852215 11.90904652 5.000001013)
(-8.790162576 4.654118929 5.000001013)
(-12.43460885 11.85462642 5.000001013)
(-12.54679769 -0.05291001544 5.000001013)
(12.57580037 -0.03390708024 5.000001013)
(-2.456736387 -16.06519396 5.000001013)
(2.454557383 16.06336061 5.000001013)
(11.45311961 5.803561824 5.000001013)
(13.29188535 -6.274829359 5.000001013)
(-9.952496687 -12.41572293 5.000001013)
(-8.265534747 -6.395178164 5.000001013)
(18.22249057 4.42950093 5.000001013)
(-18.2300777 4.430058496 5.000001013)
(0.4978528131 11.85003639 5.000001013)
(-23.69291446 -10.76958774 5.000001013)
(23.69291446 -10.76958774 5.000001013)
(-21.05212725 -9.98512263 5.000001013)
(21.05212725 -9.98512263 5.000001013)
(21.05212725 9.985121437 5.000001013)
(-21.05212725 9.985121437 5.000001013)
(-9.413226642 7.373550222 5.000001013)
(4.191112281 13.55343353 5.000001013)
(14.95474725 -11.65302401 5.000001013)
(-14.95464068 -11.65291647 5.000001013)
(-21.5937307 4.825071968 5.000001013)
(21.5937307 4.825071968 5.000001013)
(-4.224766518 -13.61585589 5.000001013)
(11.49286479 -5.841451383 5.000001013)
(-4.576080304 6.688675349 5.000001013)
(-18.18423816 -4.413995805 5.000001013)
(18.19829331 -4.411370391 5.000001013)
(6.485769207 0.4865486955 5.000001013)
(23.30060302 7.093059316 5.000001013)
(-23.30060302 7.093059316 5.000001013)
(18.12455456 -6.175131913 5.000001013)
(-18.12221203 -6.175569482 5.000001013)
(-8.581039476 2.701236166 5.000001013)
(-0.4389698367 16.00606794 5.000001013)
(0.4322911937 -16.04075612 5.000001013)
(-17.87081896 1.540581046 5.000001013)
(17.86293062 1.538931955 5.000001013)
(8.595741585 5.231482581 5.000001013)
(-15.74956779 3.273730956 5.000001013)
(15.74956779 3.273730956 5.000001013)
(10.45011068 2.283586203 5.000001013)
(14.97649014 11.73874566 5.000001013)
(-14.97682824 11.73885029 5.000001013)
(-3.997648802 16.28304074 5.000001013)
(4 -16.31550031 5.000001013)
(7.358347534 -12.20006318 5.000001013)
(10.53934969 9.917260378 5.000001013)
(18.07500746 -1.339959035 5.000001013)
(-18.08340034 -1.330577221 5.000001013)
(-21.41937454 -0.6249248993 5.000001013)
(21.3975962 -0.6918656606 5.000001013)
(-11.42842884 5.765072398 5.000001013)
(-21.21018873 2.702740903 5.000001013)
(21.1994331 2.778647915 5.000001013)
(-9.124217054 -9.047581674 5.000001013)
(-6.388492775 0.3756222683 5.000001013)
(-13.89805248 -1.592706259 5.000001013)
(13.89905835 -1.587778945 5.000001013)
(-6.222933131 -2.089019912 5.000001013)
(-7.693783703 10.089102 5.000001013)
(-16.44568167 -6.705194856 5.000001013)
(16.44568167 -6.705194856 5.000001013)
(-21.21821979 6.724565568 5.000001013)
(21.21821979 6.724565568 5.000001013)
(-7.437621951 16.05870231 5.000001013)
(7.437621951 -16.0587035 5.000001013)
(23.74002332 3.169468828 5.000001013)
(-23.74002332 3.169468828 5.000001013)
(-4.280382356 8.82140863 5.000001013)
(-7.385966371 -13.67905613 5.000001013)
(3.682842769 -6.254093521 5.000001013)
(6.100457947 3.999999404 5.000001013)
(8 16.40590241 5.000001013)
(-8 -16.40590361 5.000001013)
(1.32675572 -12.56742166 5.000001013)
(7.32822396 13.64503498 5.000001013)
(9.093281431 13.92668719 5.000001013)
(4.493666279 -8.674659733 5.000001013)
(-11.79559362 8.727810508 5.000001013)
(11.69168097 8.635450922 5.000001013)
(10.0431596 -11.75581499 5.000001013)
(-23.94276548 -4.861111707 5.000001013)
(23.94276548 -4.861111707 5.000001013)
(-10.58516154 10.1355182 5.000001013)
(16.70019984 -2.379382746 5.000001013)
(-16.70524551 -2.378603201 5.000001013)
(-9.115236512 -13.98157101 5.000001013)
(14.13712854 5.521831786 5.000001013)
(14.02849227 4.041019055 5.000001013)
(-14.13712854 5.521831786 5.000001013)
(-14.02849227 4.041019055 5.000001013)
(18.19683529 6.385410993 5.000001013)
(-18.19773852 6.38547737 5.000001013)
(-23.69539036 14.20933158 5.000001013)
(23.69539036 -14.20933278 5.000001013)
(-23.69539036 -14.20933278 5.000001013)
(23.69539036 14.20933158 5.000001013)
(-13.73532786 -5.956037119 5.000001013)
(-16.81498284 4.252862955 5.000001013)
(16.81346541 4.252751442 5.000001013)
(-16.44406965 6.741015785 5.000001013)
(16.44402981 6.741007951 5.000001013)
(3.648613897 16.19617092 5.000001013)
(-3.651590753 -16.19706586 5.000001013)
(-8.022428444 11.49352629 5.000001013)
(-6.208330233 3.770492712 5.000001013)
(-21.54611735 -12.51277767 5.000001013)
(21.54611735 -12.51277767 5.000001013)
(21.55689806 12.50722677 5.000001013)
(-21.55689806 12.50722677 5.000001013)
(10.57506257 -6.951524373 5.000001013)
(9.730710474 -2.563422034 5.000001013)
(-9.751323057 -2.58775742 5.000001013)
(-5.381067187 12.05668108 5.000001013)
(24 16.52777718 5.000001013)
(24 -16.52777837 5.000001013)
(-24 16.52777718 5.000001013)
(-24 -16.52777837 5.000001013)
(9.172915111 7.182342943 5.000001013)
(-13.95642401 -16.29923611 5.000001013)
(13.95789363 -16.30201002 5.000001013)
(13.95806578 16.30935544 5.000001013)
(-13.95725996 16.31345964 5.000001013)
(-5.447983033 -10.27467377 5.000001013)
(5.475877181 10.30969614 5.000001013)
(25 -10.69444504 4.200001013)
(25 2.916666071 4.200001013)
(25 6.80555496 4.200001013)
(25 10.69444385 4.200001013)
(25 14.58333274 4.200001013)
(25 -16.52777837 4.200001013)
(25 -0.9722228183 4.200001013)
(25 -6.805556152 4.200001013)
(25 -4.861111707 4.200001013)
(25 -2.916667263 4.200001013)
(25 0.9722216262 4.200001013)
(25 4.861110515 4.200001013)
(25 8.749999404 4.200001013)
(25 12.63888829 4.200001013)
(25 -14.58333393 4.200001013)
(25 -12.63888948 4.200001013)
(25 -8.750000596 4.200001013)
(25 16.52777718 4.200001013)
(-7.409106266 -0.02962368252 3.400001013)
(8.666693451 1.020530123 3.400001013)
(1.253601552 -6.65183953 3.400001013)
(0.236847158 7.059456727 3.400001013)
(-14.89971909 7.238152507 3.400001013)
(-14.85998372 -7.099720489 3.400001013)
(14.78905904 -7.279064495 3.400001013)
(15.39791278 7.905312863 3.400001013)
(-6.763673218 -9.260992461 3.400001013)
(17.17915783 0.5477557125 3.400001013)
(7.619254502 9.65984285 3.400001013)
(-7.236901716 9.463824763 3.400001013)
(-17.31613651 -5.960470033e-07 3.400001013)
(7.761472018 -10.15410495 3.400001013)
(-0.4259768616 0.2997197404 3.400001013)
(-19.04592691 11.59075872 3.400001013)
(-18.70879721 -11.262359 3.400001013)
(18.97345362 -11.30687409 3.400001013)
(6.409590678 -4.360570951 3.400001013)
(-1.585385699 -11.77399337 3.400001013)
(19.37266498 11.82219125 3.400001013)
(-11.59478327 -11.88090659 3.400001013)
(-3.956231776 -4.432026188 3.400001013)
(-2.294054939 11.89986745 3.400001013)
(19.56521816 -4.76744098 3.400001013)
(-19.62178977 -5.180349776 3.400001013)
(-19.68191077 4.861110515 3.400001013)
(-12.13949211 12.07475632 3.400001013)
(-4.771704376 4.641999124 3.400001013)
(-12.40459603 -2.338943701 3.400001013)
(20.12139806 4.83591161 3.400001013)
(5.148444763 4.929847579 3.400001013)
(-10.06979682 4.679508598 3.400001013)
(12.66761764 -12.17477553 3.400001013)
(12.43962714 12.15610385 3.400001013)
(3.041062031 12.15382842 3.400001013)
(12.67049937 -2.495656906 3.400001013)
(10.83939819 5.623589974 3.400001013)
(3.397042195 -12.48305758 3.400001013)
(4.261317974 -0.3327146464 3.400001013)
(-8.786086864 -5.294922507 3.400001013)
(10.40172842 -6.387149161 3.400001013)
(12.73775821 2.093277337 3.400001013)
(-14.07330112 2.92871163 3.400001013)
(-5.52666538 -13.32110596 3.400001013)
(21.13584944 -0.7591159696 3.400001013)
(-6.050796891 13.5406788 3.400001013)
(-15.54103197 -13.47864275 3.400001013)
(-20.67864733 -1.1451654 3.400001013)
(7.893841041 13.94706167 3.400001013)
(-15.72618855 13.65037429 3.400001013)
(21.18858474 8.462651589 3.400001013)
(15.93370484 13.7145742 3.400001013)
(-3.026344509 -8.151543989 3.400001013)
(1.804481864 3.752297561 3.400001013)
(-10.87177795 -8.229398375 3.400001013)
(21.27172727 -8.423403054 3.400001013)
(-21.31864696 8.217503341 3.400001013)
(-21.21546507 -8.371602052 3.400001013)
(9.339669711 -13.9695535 3.400001013)
(-3.219401367 8.026690368 3.400001013)
(-10.84151457 8.226366951 3.400001013)
(-16.10667802 -3.329134382 3.400001013)
(4.705897942 -7.772391119 3.400001013)
(3.737039231 8.562060351 3.400001013)
(16.14978906 4.104692368 3.400001013)
(15.46847188 -13.92413668 3.400001013)
(1.58756487 -3.041486534 3.400001013)
(16.56950797 -3.260920266 3.400001013)
(-4.1811522 0.9051093587 3.400001013)
(-11.14087985 0.9732819551 3.400001013)
(-21.5923366 -14.09251044 3.400001013)
(-21.75738082 14.33681346 3.400001013)
(21.71798646 -14.2581403 3.400001013)
(-8.926892111 -14.11127705 3.400001013)
(9.240791378 -2.423456491 3.400001013)
(12.21416521 8.881013615 3.400001013)
(-9.361864191 14.24424617 3.400001013)
(0.2425151327 14.14532085 3.400001013)
(15.52948148 -10.36461795 3.400001013)
(21.87966984 14.44033199 3.400001013)
(-17.85196433 -8.185073117 3.400001013)
(-17.92380989 8.092323453 3.400001013)
(-21.45546841 2.413362714 3.400001013)
(1.184042357 -9.970455177 3.400001013)
(22.02454729 2.11345384 3.400001013)
(0.5024492721 -14.40509795 3.400001013)
(-1.706498415 3.464335686 3.400001013)
(17.78569091 -7.727448088 3.400001013)
(-15.09423871 10.19970077 3.400001013)
(6.027482433 -14.40449637 3.400001013)
(0.6353461524 10.23116892 3.400001013)
(-14.4695442 -10.43939633 3.400001013)
(-7.395934163 6.571952942 3.400001013)
(12.14645275 -9.041447041 3.400001013)
(8.171823452 4.059048611 3.400001013)
(-7.434284096 2.950492766 3.400001013)
(-16.58522699 4.743514043 3.400001013)
(-18.40818445 -14.38326399 3.400001013)
(-1.429372603 -2.79297797 3.400001013)
(-12.33329272 -5.389356633 3.400001013)
(16.55429679 10.72799769 3.400001013)
(5.162070385 14.55958627 3.400001013)
(-2.837096633 -14.50600692 3.400001013)
(-14.28627745 -0.03663427508 3.400001013)
(18.323058 7.524341401 3.400001013)
(-6.767748444 -3.074238113 3.400001013)
(-18.64984132 14.58452496 3.400001013)
(22.0901582 -11.17749654 3.400001013)
(-22.09717796 11.17631028 3.400001013)
(-22.28421921 -10.91291083 3.400001013)
(-9.463477798 -2.188653131 3.400001013)
(7.439925604 -7.195493339 3.400001013)
(5.858062588 2.211176331 3.400001013)
(3.595665782 -5.086716929 3.400001013)
(22.16482853 11.1703257 3.400001013)
(-6.162566328 -6.263603404 3.400001013)
(-12.51784993 -14.68479812 3.400001013)
(10.70898599 14.62691722 3.400001013)
(-3.450844843 14.59483098 3.400001013)
(-8.703366092 -11.15214113 3.400001013)
(6.973652829 6.876995648 3.400001013)
(18.80092549 14.66427416 3.400001013)
(22.18058292 -3.568518338 3.400001013)
(-4.297880436 -10.71777689 3.400001013)
(-22.19771334 -3.591461633 3.400001013)
(18.75258337 -14.68258461 3.400001013)
(13.55432618 5.737940796 3.400001013)
(5.877133059 11.67214161 3.400001013)
(-12.86629415 14.76073788 3.400001013)
(-1.438588646 -5.656281643 3.400001013)
(-9.44822855 11.31458835 3.400001013)
(11.65743163 -14.78215477 3.400001013)
(-4.482546346 11.1150329 3.400001013)
(6.621637125 -1.015960312 3.400001013)
(-22.25303913 5.828126617 3.400001013)
(-4.170655191 -1.29722373 3.400001013)
(12.88667016 -5.260448875 3.400001013)
(-12.7666892 5.389377709 3.400001013)
(22.36688176 4.898058037 3.400001013)
(-19.41275362 2.055629886 3.400001013)
(18.86220778 1.873669262 3.400001013)
(11.23962834 -0.1657365086 3.400001013)
(9.700326396 11.49150519 3.400001013)
(14.08058233 -0.8507469618 3.400001013)
(13.26609398 14.91449554 3.400001013)
(-18.91575238 -2.359112897 3.400001013)
(11.05600457 2.608374964 3.400001013)
(5.128873461 -10.42708021 3.400001013)
(2.782497581 5.766423778 3.400001013)
(18.65578137 -2.805082995 3.400001013)
(-2.667835395 6.272553879 3.400001013)
(10.28738021 -10.96067239 3.400001013)
(22.3766553 -5.948817116 3.400001013)
(9.654092151 7.940577989 3.400001013)
(-22.36082909 -5.946776134 3.400001013)
(-17.883594 -6.116308816 3.400001013)
(1.770756791 0.9971589807 3.400001013)
(3.222644196 -15.42659441 3.400001013)
(4.433525993 -2.737501368 3.400001013)
(14.11626132 10.6677371 3.400001013)
(16.9326709 -5.625668287 3.400001013)
(-8.616362196 -7.759313879 3.400001013)
(2.761885245 15.31328346 3.400001013)
(-16.48084924 2.247242464 3.400001013)
(14.05291829 -15.25041042 3.400001013)
(-0.7716897173 -8.686608012 3.400001013)
(7.110164751 -12.31766898 3.400001013)
(15.69307681 1.988849435 3.400001013)
(9.677612553 -8.676592856 3.400001013)
(-16.75499276 -10.69642613 3.400001013)
(8.73597484 -4.723175003 3.400001013)
(-13.00693702 9.157820877 3.400001013)
(-6.9008557 -15.17853171 3.400001013)
(10.94559566 -4.03750033 3.400001013)
(3.704648526 2.3659942 3.400001013)
(-1.382570559 8.813620709 3.400001013)
(-11.78938467 3.158891951 3.400001013)
(19.23416679 9.503861004 3.400001013)
(-7.705126199 15.36260522 3.400001013)
(23.06716124 6.804516164 3.400001013)
(-5.757878231 7.932185199 3.400001013)
(22.60707138 0.3152586853 3.400001013)
(-12.36605907 -9.833637686 3.400001013)
(-16.71739801 11.77029737 3.400001013)
(-22.78932798 0.6409104848 3.400001013)
(-6.754292187 -11.40122501 3.400001013)
(7.860396608 -15.53867868 3.400001013)
(-10.55255947 -15.45890798 3.400001013)
(2.670322058 -8.470430679 3.400001013)
(-0.04241553131 4.887613371 3.400001013)
(-10.5946916 -4.06130271 3.400001013)
(-15.82533119 -15.58072361 3.400001013)
(0.4123656659 -12.24578739 3.400001013)
(-9.491035592 2.585239681 3.400001013)
(-7.515242121 12.05676389 3.400001013)
(0.009816588704 -4.579534605 3.400001013)
(5.969257863 8.579692 3.400001013)
(-14.21163217 -5.256444786 3.400001013)
(-8.646308346 8.063416821 3.400001013)
(-19.54922005 7.061233865 3.400001013)
(-19.53486017 -7.371164039 3.400001013)
(-4.566384515 -15.49765962 3.400001013)
(-11.04422755 15.33026454 3.400001013)
(-1.815701241 15.68339226 3.400001013)
(12.49207999 3.906525519 3.400001013)
(17.73553392 5.472360862 3.400001013)
(-14.50761772 -2.153325201 3.400001013)
(19.24310005 0.140687635 3.400001013)
(-20.04666744 -15.5832163 3.400001013)
(-19.39980123 0.1568255253 3.400001013)
(2.560070446 10.17302321 3.400001013)
(6.934710701 15.41734657 3.400001013)
(13.46984944 -10.53416357 3.400001013)
(19.32830688 -9.210337823 3.400001013)
(-0.09046673056 2.160317596 3.400001013)
(-10.58435139 -6.280530845 3.400001013)
(23.41717708 -8.91602742 3.400001013)
(-23.0861596 -15.60023691 3.400001013)
(-23.03394121 15.54455913 3.400001013)
(-5.34084345 2.75428751 3.400001013)
(-23.4109996 8.85255207 3.400001013)
(-23.1445783 -9.098982913 3.400001013)
(19.7158952 -6.932026716 3.400001013)
(14.64160804 -12.1112021 3.400001013)
(-5.294867937 15.45402215 3.400001013)
(-14.21781234 -12.39093535 3.400001013)
(23.01710755 -15.52229954 3.400001013)
(-22.95442508 3.90647529 3.400001013)
(-15.94379217 15.68005313 3.400001013)
(14.91367699 -5.109707549 3.400001013)
(1.32813151 11.97229683 3.400001013)
(22.98420522 -1.70430634 3.400001013)
(-17.35023514 -12.70897425 3.400001013)
(-3.467761233 -12.59404269 3.400001013)
(23.01440032 9.33418719 3.400001013)
(14.35925216 12.41621136 3.400001013)
(-5.754876079 -0.05925206898 3.400001013)
(-14.35600786 12.31115421 3.400001013)
(-19.54803607 -9.536782131 3.400001013)
(-19.36299164 9.311556007 3.400001013)
(16.91835229 -12.17679236 3.400001013)
(-0.9997154319 -15.4708096 3.400001013)
(-5.254616139 -8.201188833 3.400001013)
(15.95353832 15.58835343 3.400001013)
(-4.059633877 -6.41120866 3.400001013)
(-22.98254473 -1.644667887 3.400001013)
(-2.046122717 1.552552343 3.400001013)
(-23.13638835 12.76334104 3.400001013)
(-23.13228273 -12.6464325 3.400001013)
(23.13528045 -12.75863697 3.400001013)
(0.9854984588 -1.072445253 3.400001013)
(-20.07794735 15.68196843 3.400001013)
(-11.19365811 6.061963508 3.400001013)
(20.97668286 6.464495897 3.400001013)
(-16.69807428 6.745806808 3.400001013)
(9.827939292 -15.7850195 3.400001013)
(23.19513089 12.70926995 3.400001013)
(1.62830352 8.274196399 3.400001013)
(3.112477872 -10.43769794 3.400001013)
(8.924017561 15.50998668 3.400001013)
(17.40439027 12.42976564 3.400001013)
(-1.985815337 -9.835457436 3.400001013)
(-12.76390525 -7.303190314 3.400001013)
(4.54391954 10.44236232 3.400001013)
(-10.98930843 -1.083846446 3.400001013)
(20.02330883 15.74464788 3.400001013)
(-13.00662142 1.341207269 3.400001013)
(-16.15378626 8.516592046 3.400001013)
(16.0835583 -15.78300931 3.400001013)
(12.1927559 -7.044640825 3.400001013)
(-11.28121099 10.46628197 3.400001013)
(-14.49343915 4.658375188 3.400001013)
(-4.02713858 12.8018014 3.400001013)
(-2.405137059 -0.2824046003 3.400001013)
(-9.39900695 -9.268398444 3.400001013)
(-16.03658163 -8.878867515 3.400001013)
(-16.50263034 -1.636675055 3.400001013)
(20.38066677 -15.41709211 3.400001013)
(-2.808814468 10.02120772 3.400001013)
(7.763819354 11.77895881 3.400001013)
(4.934505968 6.751816163 3.400001013)
(-4.250106697 6.373268001 3.400001013)
(5.526473761 -6.199034432 3.400001013)
(10.84390865 -12.80987157 3.400001013)
(15.96166392 -1.138499746 3.400001013)
(-18.04764196 -3.996049794 3.400001013)
(6.173573451 -8.801153543 3.400001013)
(23.08863198 15.59037007 3.400001013)
(10.50444965 9.812080872 3.400001013)
(17.1074506 9.002789636 3.400001013)
(14.63721067 -2.775323235 3.400001013)
(16.05944775 -8.587469836 3.400001013)
(8.661295043 6.031809551 3.400001013)
(1.720620558 -15.80059334 3.400001013)
(15.92008561 6.047899507 3.400001013)
(17.50364151 -9.972094423 3.400001013)
(13.52961028 7.576133613 3.400001013)
(-19.64548477 -13.26039785 3.400001013)
(14.34963807 2.976634098 3.400001013)
(-9.381540867 0.01251564787 3.400001013)
(17.20700391 2.570902564 3.400001013)
(5.408056071 -12.49542111 3.400001013)
(3.096943475 -1.26325454 3.400001013)
(23.39907231 3.165583403 3.400001013)
(-1.156048328 -13.5972485 3.400001013)
(-5.636809728 -4.595454827 3.400001013)
(-21.0913915 12.38795519 3.400001013)
(20.68558023 -12.3398021 3.400001013)
(-3.488887371 2.931273732 3.400001013)
(17.885001 -4.286936263 3.400001013)
(7.508961044 -2.633407579 3.400001013)
(-6.549707392 4.696918273 3.400001013)
(-13.78975073 -15.9561634 3.400001013)
(-20.37799583 -3.238892195 3.400001013)
(-13.03405834 7.255441543 3.400001013)
(-10.92085747 -13.6497079 3.400001013)
(11.98980721 15.94846252 3.400001013)
(20.3843237 -3.172744984 3.400001013)
(3.532902653 4.154238255 3.400001013)
(-18.25281808 3.488035069 3.400001013)
(-9.361001391 6.346738614 3.400001013)
(-17.38302524 9.913538061 3.400001013)
(-1.811831724 13.49912503 3.400001013)
(-7.522469665 -13.06450926 3.400001013)
(-11.12424563 13.56933817 3.400001013)
(21.12078753 12.5023672 3.400001013)
(9.768100543 -0.4258380557 3.400001013)
(10.98232068 -1.896188569 3.400001013)
(-14.09921477 -8.710962466 3.400001013)
(-8.575636514 -15.77393305 3.400001013)
(-18.11517668 5.832003959 3.400001013)
(-10.48461124 -10.48391768 3.400001013)
(-6.530511163 1.454819607 3.400001013)
(7.065193026 0.8168329229 3.400001013)
(-21.14956904 4.40040873 3.400001013)
(11.88549235 7.013332878 3.400001013)
(4.162981768 15.9587597 3.400001013)
(8.816724326 -11.91533824 3.400001013)
(23.47741677 -4.722054352 3.400001013)
(-8.321305215 4.587989868 3.400001013)
(-23.49230515 -4.74407586 3.400001013)
(7.549078644 2.459287239 3.400001013)
(-13.22235578 -3.884098634 3.400001013)
(-13.17557734 10.84194283 3.400001013)
(-7.931055125 13.58201841 3.400001013)
(-15.66672328 -11.94287496 3.400001013)
(1.085712798 15.76274909 3.400001013)
(11.80939856 10.7044517 3.400001013)
(10.95386978 12.79946441 3.400001013)
(-12.72255015 -0.5497100664 3.400001013)
(-23.44834407 7.053992319 3.400001013)
(2.27736326 -13.77794885 3.400001013)
(6.454400762 3.707653519 3.400001013)
(20.7062353 1.157369128 3.400001013)
(-9.447471303 15.83458382 3.400001013)
(-9.374265155 9.670775607 3.400001013)
(-17.90021274 13.19603946 3.400001013)
(13.6976095 -13.6485359 3.400001013)
(-0.5492965459 -10.50246028 3.400001013)
(-13.97289299 16.00409679 3.400001013)
(18.39451183 3.742349159 3.400001013)
(20.30618053 2.896006919 3.400001013)
(-8.461090417 -3.4592747 3.400001013)
(13.96401213 -8.483382948 3.400001013)
(-7.835702411 -1.672821121 3.400001013)
(-0.5187759344 12.00363687 3.400001013)
(12.82582469 0.2584734612 3.400001013)
(-20.74719971 0.8243126422 3.400001013)
(2.025378826 -5.057726704 3.400001013)
(-3.052679217 4.706189341 3.400001013)
(-2.2323928 -4.299418678 3.400001013)
(6.081305223 -16.20839397 3.400001013)
(20.83487111 10.12000992 3.400001013)
(3.353400345 -6.759183957 3.400001013)
(-17.98076872 16.05865778 3.400001013)
(-17.92233772 -15.96777909 3.400001013)
(6.342386648 13.35480118 3.400001013)
(-14.87361673 1.624909872 3.400001013)
(17.66980066 -15.96284415 3.400001013)
(-23.43984429 2.558816126 3.400001013)
(-5.042711409 -2.971105986 3.400001013)
(4.669097784 12.76586724 3.400001013)
(10.27558186 1.175310936 3.400001013)
(23.6226801 -10.68245172 3.400001013)
(-23.62590651 10.679858 3.400001013)
(-23.71221605 -10.80944326 3.400001013)
(11.92617854 -10.68809192 3.400001013)
(18.54092692 -13.08551147 3.400001013)
(-8.049295597 1.394688804 3.400001013)
(-4.956181476 9.536119776 3.400001013)
(17.81736041 15.94947151 3.400001013)
(-20.73856119 -11.74308783 3.400001013)
(0.1293426896 -2.268997978 3.400001013)
(10.05270035 4.182961933 3.400001013)
(2.028750457 13.69108306 3.400001013)
(21.27725339 -5.088745806 3.400001013)
(20.08404427 13.88269754 3.400001013)
(20.7251349 -10.35118194 3.400001013)
(-21.52315749 -4.923070657 3.400001013)
(-12.17203203 -16.21997414 3.400001013)
(15.45547753 9.446706964 3.400001013)
(6.225077472 10.2525995 3.400001013)
(18.43586805 -5.933590784 3.400001013)
(12.46714065 13.82338382 3.400001013)
(-16.52249464 -7.081814348 3.400001013)
(7.587290311 -13.82165885 3.400001013)
(13.51888827 -3.832673964 3.400001013)
(18.0460733 10.76070788 3.400001013)
(3.114501565 -3.55417226 3.400001013)
(23.69689097 10.76458757 3.400001013)
(0.9061698771 -8.284508962 3.400001013)
(-3.871628391 16.16765378 3.400001013)
(-19.8774871 13.70027451 3.400001013)
(-20.70795868 10.55861366 3.400001013)
(-21.15960006 -9.947878297 3.400001013)
(4.083720103 -9.232564831 3.400001013)
(4.939691859 3.473781977 3.400001013)
(6.72402047 5.392861845 3.400001013)
(5.199328707 -1.326606294 3.400001013)
(-5.853062924 6.187408104 3.400001013)
(14.44424892 16.01994834 3.400001013)
(23.319491 -7.076753245 3.400001013)
(23.6789608 -3.118280266 3.400001013)
(15.67358108 11.9912572 3.400001013)
(-7.57629732 -6.299213177 3.400001013)
(-6.909826692 -7.601906101 3.400001013)
(-23.29058172 -7.088026209 3.400001013)
(12.54537752 -16.11869589 3.400001013)
(-2.453439367 -16.03828485 3.400001013)
(2.0767007 -11.65151541 3.400001013)
(-16.91003684 -14.33101786 3.400001013)
(0.08325048692 8.700881685 3.400001013)
(-2.00297928 -6.969033774 3.400001013)
(7.42979476 -5.749735042 3.400001013)
(8.021131298 8.193231542 3.400001013)
(20.01554875 -13.95662612 3.400001013)
(-17.07124073 14.54895179 3.400001013)
(8.205263593 -8.600460689 3.400001013)
(8.994095171 -7.049302036 3.400001013)
(19.8759717 7.602334646 3.400001013)
(-15.49881589 3.486640065 3.400001013)
(-23.69928382 -3.15145048 3.400001013)
(4.870678666 -4.212319532 3.400001013)
(17.87358567 -1.291415122 3.400001013)
(5.150419783 0.5284081617 3.400001013)
(-20.72201022 5.997266761 3.400001013)
(-21.1324259 -6.744015487 3.400001013)
(-3.318151118 -3.027681613 3.400001013)
(16.89680818 7.190540854 3.400001013)
(-0.9876927066 -1.319186601 3.400001013)
(10.33479904 16.11609802 3.400001013)
(-1.209600478 6.948433127 3.400001013)
(-9.501006482 -12.54095184 3.400001013)
(-12.46549002 16.07268178 3.400001013)
(-21.56850853 -16.08819323 3.400001013)
(-15.74206989 -0.1451794504 3.400001013)
(6.472629732 -10.88317848 3.400001013)
(-15.98034951 -5.129101802 3.400001013)
(1.235360572 5.928569962 3.400001013)
(-7.259255614 8.007844931 3.400001013)
(-23.65458547 5.256934095 3.400001013)
(-10.86301846 -2.418186497 3.400001013)
(9.295313721 2.584252301 3.400001013)
(22.11576296 -9.782307679 3.400001013)
(-22.23213794 9.89696747 3.400001013)
(19.40652891 6.379888883 3.400001013)
(-5.866810054 -16.41904813 3.400001013)
(-4.09947694 -13.9797038 3.400001013)
(9.324143354 13.35898233 3.400001013)
(-18.03105665 1.549738884 3.400001013)
(0.3189218652 -16.17125604 3.400001013)
(-5.497619963 -10.1799302 3.400001013)
(-5.245469958 -11.781339 3.400001013)
(21.74574199 16.1871098 3.400001013)
(11.06836643 -8.012508165 3.400001013)
(5.651952571 16.18713827 3.400001013)
(-3.951503038 -9.411063191 3.400001013)
(-14.06518343 -14.20994854 3.400001013)
(17.44348123 14.25806858 3.400001013)
(-1.04760321 10.27839723 3.400001013)
(-21.68542052 16.1547661 3.400001013)
(4.518647074 -16.09879364 3.400001013)
(5.840620369 -2.714394339 3.400001013)
(-8.079442114 -9.94006614 3.400001013)
(-10.63174087 12.09315657 3.400001013)
(23.6815953 14.25046146 3.400001013)
(15.67021366 0.4323120695 3.400001013)
(14.22618229 1.149799907 3.400001013)
(23.81146762 4.901799952 3.400001013)
(4.141872538 -14.11438533 3.400001013)
(21.3958311 -6.79087447 3.400001013)
(-5.661454133 12.03441094 3.400001013)
(-2.855941325 -11.02581812 3.400001013)
(-12.6440737 -13.04584768 3.400001013)
(-19.99050399 3.443709383 3.400001013)
(2.838955002 7.323798126 3.400001013)
(-0.3940003901 -6.673634824 3.400001013)
(14.14268542 8.895380832 3.400001013)
(3.637641278 14.07373469 3.400001013)
(16.09610912 -6.865871651 3.400001013)
(18.62110125 13.41139943 3.400001013)
(-13.00707137 13.29833371 3.400001013)
(23.68507006 -14.20744748 3.400001013)
(11.60668753 -5.682434798 3.400001013)
(-23.68663594 14.20712919 3.400001013)
(-23.68663594 -14.20713039 3.400001013)
(-9.245924694 12.78024127 3.400001013)
(-6.163466633 -1.51737745 3.400001013)
(8.145229428 -0.7768832319 3.400001013)
(8.99277808 10.10131244 3.400001013)
(-11.76795297 4.643113451 3.400001013)
(-12.97815342 4.155693986 3.400001013)
(3.472376441 0.7143101865 3.400001013)
(21.77018254 -16.20304175 3.400001013)
(10.79079715 -9.599399405 3.400001013)
(-14.43436301 14.3953009 3.400001013)
(17.29162241 -14.48477917 3.400001013)
(23.63796936 1.496809302 3.400001013)
(-15.39722606 5.936403293 3.400001013)
(12.25635253 5.333525684 3.400001013)
(-18.03424973 -9.766639309 3.400001013)
(-6.34075084 10.81014362 3.400001013)
(-4.732213559 14.12950975 3.400001013)
(11.62695953 1.193940038 3.400001013)
(13.56103854 -6.532276915 3.400001013)
(14.45225761 14.135332 3.400001013)
(-0.2561437064 16.27239987 3.400001013)
(-18.43176634 -0.9020949776 3.400001013)
(9.256541642 -9.984428089 3.400001013)
(-1.735805807 5.255825081 3.400001013)
(-13.05845451 -11.51814473 3.400001013)
(19.80142674 -1.699781501 3.400001013)
(12.35977108 -1.029971097 3.400001013)
(-7.231766517 -4.831117788 3.400001013)
(14.75348864 4.772673572 3.400001013)
(19.0879488 -16.07976159 3.400001013)
(21.43623994 -2.263596234 3.400001013)
(-2.488778093 -1.819023869 3.400001013)
(24.00427689 -16.51946422 3.400001013)
(-24 16.52777718 3.400001013)
(-24.01538564 -16.53575708 3.400001013)
(-14.55698429 8.651440797 3.400001013)
(-14.74909295 -3.841759053 3.400001013)
(14.64903845 6.620594775 3.400001013)
(21.64361599 3.581802762 3.400001013)
(-8.137748394 10.65692461 3.400001013)
(-14.04704908 6.079591714 3.400001013)
(-2.737965276 -5.553593788 3.400001013)
(-17.60089381 -2.444613421 3.400001013)
(-21.55922531 -2.405046778 3.400001013)
(2 17.4999994 4.200001013)
(-24 17.4999994 4.200001013)
(24 17.4999994 4.200001013)
(22 17.4999994 4.200001013)
(18 17.4999994 4.200001013)
(16 17.4999994 4.200001013)
(14 17.4999994 4.200001013)
(12 17.4999994 4.200001013)
(10 17.4999994 4.200001013)
(8 17.4999994 4.200001013)
(6 17.4999994 4.200001013)
(4 17.4999994 4.200001013)
(0 17.4999994 4.200001013)
(-2 17.4999994 4.200001013)
(-4 17.4999994 4.200001013)
(-6 17.4999994 4.200001013)
(-8 17.4999994 4.200001013)
(-10 17.4999994 4.200001013)
(-12 17.4999994 4.200001013)
(-14 17.4999994 4.200001013)
(-16 17.4999994 4.200001013)
(-18 17.4999994 4.200001013)
(-20 17.4999994 4.200001013)
(-22 17.4999994 4.200001013)
(20 17.4999994 4.200001013)
(-24.41695361 -16.78950657 4.098967885)
(-24.28512606 16.7938156 4.372999126)
(23.59070323 -16.968693 4.044872194)
(-24.17140279 -11.73634336 4.200194912)
(24.14809016 12.60573617 4.19421943)
(-24.15753228 12.61662119 4.199440702)
(24.13182514 -12.6154276 4.203023435)
(8.428710369 -16.4516226 4.087939048)
(-11.68980825 -16.60411488 4.21958552)
(24.26816715 3.196553936 4.127391592)
(24.13847463 -15.26330497 4.121224206)
(-24.24711719 14.72175293 4.198201554)
(1.655120832 -16.63852739 4.210649329)
(-11.75060065 16.5896741 4.205562567)
(22.45755226 -16.59583637 4.188338712)
(-6.345781693 -16.68492214 4.300727077)
(24.20496393 -2.788106771 4.195197588)
(23.2284544 16.65617419 4.281386333)
(-0.2130201082 -16.67314012 4.213235169)
(-15.74387343 16.59206748 4.197237869)
(-19.239061 16.2895169 4.143404648)
(24.09941136 6.516001346 4.205750394)
(-24.07804439 -8.547444601 4.199193098)
(-15.85755405 -16.58258469 4.191437374)
(15.77206659 16.58610811 4.203771893)
(-24.00512312 6.162796924 4.312189352)
(16.25915173 -16.6234381 4.207215993)
(-24.17960651 -15.05724621 4.196571722)
(24.07990923 8.88081221 4.199422948)
(-22.1453995 16.67267951 4.188213189)
(-24.24645795 2.872076548 4.170979599)
(24.11841 -9.196287076 4.186659236)
(24.16078542 -6.342274757 4.266487972)
(-14.07484872 16.80168906 4.157051568)
(-24.09046517 -5.835728467 4.170893698)
(19.55316249 16.46619288 4.168814567)
(-19.57904055 -16.43679684 4.16620777)
(-24.26913648 10.37174894 4.200819516)
(-13.63440741 -16.7472429 4.174215704)
(24.30561671 -10.72706161 4.189890118)
(-1.81256083 -16.63036935 4.19978407)
(-24.17576275 4.608851113 4.189817651)
(-8.487236009 -16.81351095 3.992648747)
(-24.13793642 8.524782749 4.199688005)
(24.33032591 10.70168737 4.197973886)
(8.023853982 16.37652153 4.163611657)
(-2.048531218 16.60320975 4.203699272)
(12.37160235 16.58176101 4.245594399)
(23.92685969 0.5584288695 4.296340456)
(12.60634299 -16.78877612 4.09944206)
(10.05802365 16.69470276 4.252982457)
(-4.173070174 16.80569158 4.136028687)
(6.385601377 -16.7756674 4.440529802)
(-24.28009928 -3.077583637 4.276121111)
(24.11782966 -4.661665962 4.204988902)
(-24.35594732 -4.67686485 4.070802228)
(3.298020853 -16.63439656 4.283512097)
(14.06421141 16.81391519 4.170423199)
(-9.751884383 -16.54744343 4.193825812)
(-5.99093209 16.49731956 4.187997143)
(3.898662266 16.7807417 4.170518708)
(24.15508965 15.07252653 4.316821599)
(9.846469027 -16.61793923 4.210138587)
(19.50605956 -16.43009275 4.177058041)
(14.20977867 -16.64823744 4.171038261)
(-17.90770397 -16.72559451 4.197149441)
(6.132012148 16.62488691 4.23838486)
(24.30732537 4.866886814 4.244538647)
(-3.340692773 -16.76371205 4.318484575)
(-10.12479832 16.65088868 4.165162117)
(22.15401068 16.68428507 4.198850763)
(-23.97606354 1.030245024 4.205399195)
(-23.95813898 -1.213337901 4.21896179)
(-17.71690734 16.69794022 4.176881262)
(17.9941442 -16.74516797 4.168570847)
(2.586730769 16.56010806 4.270338284)
(-8.628869916 16.39870525 4.121893728)
(-0.009235124661 16.80021233 4.137280168)
(-23.33016467 16.6122886 4.192658818)
(24.4403408 -16.69629113 4.201792538)
(-24.17685226 -13.0135325 4.20043341)
(24.18636309 16.40957743 4.114984741)
(-24.23473313 -10.32191796 4.207779626)
(7.626989088 -17.0191566 4.569844354)
(23.96621788 -1.050990175 4.206790224)
(24.15122769 -7.553985524 4.085430151)
(-24.23122421 7.232741793 4.029135292)
(24.3011534 1.62379162 4.11489494)
(-20.94669612 -16.56123108 4.177564227)
(11.40341925 -16.46087141 4.320041072)
(20.90847665 16.58184503 4.147659654)
(-24.19243853 -6.947449554 4.206463787)
(-7.448534825 16.70719475 4.345774691)
(-4.668514788 -16.62268836 4.112966441)
(-7.697579558 -17.13543566 4.620894627)
(1.501660467 16.97052043 3.873135283)
(5.430364745 -16.677522 4.083306742)
(4.423859127 -16.84164897 3.980054391)
(24.34395616 14.08886623 4.0266694)
(-24.1121705 15.86388917 4.189458346)
(-22.43312743 -16.55092631 4.207001938)
(4.828091678 16.49678695 4.200476071)
(20.73030488 -16.67028053 4.325788833)
(-20.65557646 16.62039611 4.311063295)
(-13.00808815 16.6439033 4.209304875)
(17.70566427 16.69425965 4.175870333)
(24.33041738 -14.1106482 4.370811051)
(-23.51678143 -16.95819134 4.377331406)
(-23.91083659 17.02062071 3.826256794)
(23.88972293 16.99030742 4.577215444)
(24.02887393 -17.06026554 4.58890248)
(-24.5183011 16.43828922 3.820059469)
(0.06596439081 4.273831193 5.300009791)
(-0.9436969646 4.071733317 5.300099573)
(-4.133186343 -0.5062638547 5.299932697)
(4.128597265 -0.5379320904 5.299940593)
(3.989630675 3.98796932 5.300005707)
(-4.020433088 3.986457394 5.300002328)
(3.261383727 -4.193538054 5.299775915)
(-3.989812144 -3.988361475 5.299985903)
(-0.5787463588 -4.130257765 5.300054005)
(1.052763228 4.057067709 5.299895183)
(4.073797274 0.8960821777 5.299938187)
(-4.265129257 -2.316747071 5.300185727)
(-4.050294615 0.9579236545 5.300070491)
(4.354536512 -1.893299801 5.300059721)
(-2.83931595 4.076167801 5.299944723)
(4.277640415 -3.65583518 5.300142523)
(-2.333575391 -4.261725672 5.300185013)
(-4.244465053 2.361585553 5.300026592)
(0.8592807094 -4.065754794 5.300059017)
(1.956498064 -4.351423103 5.300001158)
(4.24544699 2.347462823 5.299971522)
(-1.922126162 4.344676308 5.300036877)
(4.092272228 -2.79570474 5.299963566)
(2.368927336 4.243212191 5.299983068)
(-6.419466018 9.121823974 28.93557567)
(8.976386981 -2.017250077 19.33878188)
(11.79836546 14.22654511 8.777607763)
(14.32061308 -5.204337241 8.48169206)
(-11.30107992 3.690689011 9.084017201)
(-10.14055172 -12.9327421 8.794065993)
(-0.04486645932 15.03933553 8.921858243)
(10.84526302 3.148422004 9.388672651)
(6.753045599 -13.93432799 8.790109254)
(-20.83838383 -23.91325814 -33.47575172)
(21.26700929 -26.77331793 -27.39558158)
(-5.68322448 27.90846138 -19.43140438)
(-11.83597495 -4.65478208 8.47593368)
(-2.064374813 -8.036235002 9.306044062)
(22.38011699 52.54294232 5.885288344)
(-26.27971753 -29.94720813 8.869812313)
(35.24100915 23.26407361 -22.88406028)
(-38.18287814 37.75006775 -3.606744953)
(27.49981363 -47.83881642 8.745479758)
(-5.758847114 8.706485178 8.019765086)
(7.006372447 10.98351335 7.77792421)
(-2.812470313 -1.012213494 -14.2034684)
(-26.03428157 3.170905208 -9.264426794)
(43.98332885 -26.66698628 3.723630404)
(46.04687848 1.63217523 16.43345326)
(-35.13263053 -16.63297543 10.16610184)
(-49.79260894 8.707128768 5.830246738)
(1.378117108 -19.42303581 1.425356193)
(-2.35940183 22.10967818 4.207983317)
(4.90791582 -9.177048675 7.806062271)
(6.649616611 3.540326739 7.370257796)
(1.459085467 5.68819926 7.34475054)
(22.58105074 13.26675242 10.63452095)
(-26.17108678 -16.2562228 -5.728413409)
(25.48864363 -6.477547289 -3.348644618)
(-27.57014542 20.02432869 19.84714729)
(3.900377216 13.28491047 -5.061542401)
(-18.47899493 -15.55396396 10.75876525)
(20.8042472 -20.21128288 12.58161973)
(-7.184586324 4.629031951 7.314233645)
(14.07211647 -25.22881188 -1.303800593)
(12.80023899 25.04606532 5.149989369)
(-10.32035868 -23.96355893 0.3682204994)
(-16.87013335 22.33270497 3.274209081)
(6.196813932 -12.23854697 -0.9539904887)
(-11.15302561 14.04392716 -0.6740428116)
(-18.10905449 -3.254041685 -0.006432266558)
(34.27088249 -7.475568272 3.653291376)
(-34.25569045 -1.418029547 5.311153733)
(21.55855423 14.21809217 -1.917866689)
(11.60914348 -0.9690793208 -0.5135537466)
(22.38014136 1.514891796 9.328108221)
(-21.01357412 1.528405734 8.980882483)
(31.81668041 24.66623335 4.59702479)
(-6.925065244 -12.94673474 -0.6813446139)
(-1.561296181 -19.45896988 9.656185258)
(-29.93008845 18.31953185 4.425441905)
(0.00901550838 -0.9047459314 -0.6656979805)
(28.9811165 12.34652984 4.018188882)
(-21.85430558 13.67862825 -0.7357015908)
(-12.39795086 14.13874751 9.248378883)
(7.931812944 -20.39572942 5.165933633)
(2.605738354 19.25511244 1.878892419)
(22.04706554 -18.76502458 1.882750933)
(-5.01873559 -19.93610238 5.782853168)
(27.50619393 -12.07937655 6.564216807)
(-22.06535728 19.14726163 6.652223364)
(51.35461601 -49.32794013 -57.84959303)
(-47.48997853 -49.94972882 -59.08044231)
(-54.48287738 52.49519889 -51.83404977)
(55.78518376 54.25334504 -55.13454965)
(3.977771117 -54.75693511 45.14110367)
(-37.90585206 -6.341859617 39.82203928)
(44.98255734 -5.206603501 49.54021324)
(12.75133861 45.4917856 51.39216836)
(-43.05887772 -49.12210278 -14.45954623)
(-59.89201928 57.74301626 -2.218210986)
(58.39670169 -56.75233489 6.700753074)
(56.76732513 57.2158896 -12.35475626)
(-5.725960851 -6.231109249 5.620845435)
(3.86470753 6.351932571 6.345761805)
(-0.7076173693 -6.367415192 5.732896508)
(6.188247658 3.12810471 5.621439335)
(7.188502073 -0.8443463336 6.684438898)
(0.3255872195 5.95457557 5.623081168)
(-7.122100761 1.944283801 5.764895214)
(-7.470009025 -3.4129646 5.706736466)
(2.126615895 -6.785371272 6.223029258)
(-6.26195468 6.025514251 5.792028393)
(-9.102746206 20.47841132 4.069188844)
(-21.77042982 -18.44417286 3.255925929)
(21.74427002 -12.59021518 1.108982939)
(22.33919753 20.65609753 4.337952875)
(-28.54999945 3.012579446 4.393219958)
(-65.99405667 65.86107766 -65.77219217)
(65.37217596 -65.21856517 -65.12346056)
(-60.61020111 -65.21173289 -62.33548766)
(17.49277791 51.7028913 -48.43252735)
(54.3103513 -55.55615047 54.47854868)
(57.81442618 -59.50598385 -36.40633065)
(48.72765865 48.299855 43.45908215)
(-57.00778388 -21.21845003 -56.14765978)
(6.951233199 -57.84776918 -53.94917506)
(59.48435602 6.627625466 -53.34961217)
(-54.99973806 55.8790377 40.67354475)
(5.980198263 6.042515542 6.069293112)
(-3.901614465 6.530540587 5.612710324)
(2.009708249 5.717781474 5.583275173)
(-53.25204544 -52.51536018 51.41332545)
(66.255701 65.78037039 -66.05352711)
(-2.548833076 -6.501519271 5.841882682)
(6.924771849 -3.634136156 6.095319107)
(-1.729536425 6.502137955 6.143782539)
(6.040339659 4.206003186 5.671337034)
(-6.368328508 3.967506815 5.730099321)
(4.208892891 -6.335387924 6.013977568)
(6.116929074 1.46797682 5.654464985)
(-7.992675749 -1.224482924 6.046190764)
(16.44182292 -13.50565779 0.09044950388)
(-21.78744982 -16.18850406 0.2018545366)
(22.37284131 15.6499759 6.84732889)
(-15.03702758 5.148126623 0.04126400638)
(28.63598286 0.5068831175 3.676429221)
(16.5394482 19.27326791 6.251303349)
(-25.58381821 1.423985648 4.239506686)
(61.55607296 55.75411596 61.23196385)
(-46.0602699 12.75453427 -53.65986729)
(6.915952095 -6.071727371 6.644065657)
(-25.04591523 47.8901932 48.20504951)
(19.65513437 -5.87083488 -0.07445315905)
(20.98272645 4.424069624 -0.2172114701)
(-22.38364919 -9.35010623 0.4842397015)
(22.9213964 11.16549208 6.107948745)
(-22.53931601 10.77522872 8.698332307)
(13.75818632 12.55725943 0.5126365459)
(-22.50940729 -13.2220371 7.740609245)
(-18.46137125 -21.49943578 3.866395774)
(21.77850975 -12.7515559 8.179161465)
(-27.60317408 11.72486954 4.209051051)
(-26.55952545 -11.7477302 4.564551874)
(-42.50354495 61.71737611 59.02857373)
(57.08460617 21.11875775 55.28273327)
(-59.12840025 -57.77818051 -41.05715835)
(6.519223216 7.715764337 0.1574936801)
(-57.4792289 30.55290611 57.22553326)
(-26.22942228 -14.51994331 4.883977502)
(-4.13770806 13.65089957 0.9288598251)
(-28.32636102 -13.58174972 7.384023525)
(-59.73742777 59.69216511 62.99471563)
(-28.69588558 -10.75854805 3.064943467)
(27.30672829 -19.88295119 2.779392529)
(-22.19893493 1.994873965 0.1894802446)
(-12.93488213 -19.16910933 6.705678529)
(0.2878445022 8.698039173 0.5897993447)
(14.95297669 -14.02133942 8.0597513)
(16.20756906 -20.58823881 4.788568277)
(9.438358674 19.86228451 2.931457367)
(17.00435024 2.73951108 7.005663758)
(19.40180726 14.56382759 1.513620548)
(-26.70192476 -4.857931294 2.283666845)
(-16.20648493 -10.18807066 1.18860571)
(-19.38709795 -6.315207874 7.565835894)
(-9.789196921 -19.93645992 4.002514043)
(-7.923233412 -4.351841306 -0.1348753072)
(15.06940661 7.328247181 7.820630966)
(-2.72269078 3.746990838 9.126089602)
(28.08972412 -5.808703366 5.138923677)
(6.039300999 15.22777446 0.5092077454)
(-23.41811111 5.754392917 0.1739704262)
(-5.677778692 8.102993757 0.8563071056)
(-15.29005016 -13.47108739 1.714653987)
(1.161856011 0.0573747714 8.303280327)
(13.53935088 6.744818671 0.8433196888)
(4.014246681 -4.684971405 8.619396293)
(21.08930601 9.35974298 7.695376884)
(26.30303606 5.858284195 3.21502848)
(25.76714141 -16.61127467 4.195741635)
(-0.6412143794 -14.74383998 7.990684806)
(-15.62177012 -17.87828691 1.451453333)
(-16.70646345 5.504962365 7.228609439)
(24.3559603 -5.924812967 6.606826384)
(13.07391545 -14.2497581 2.382812494)
(-6.940936035 3.109998162 -0.7164629261)
(8.130361202 -6.84149879 0.7086211721)
(-24.22926665 -6.656166561 8.083667514)
(-5.332924605 -3.340377562 7.571724495)
(6.489918734 -1.74127273 8.877513601)
)


// ************************************************************************* //
