/*--------------------------------*- C++ -*----------------------------------*\
| =========                 |                                                 |
| \\      /  F ield         | OpenFOAM: The Open Source CFD Toolbox           |
|  \\    /   O peration     | Version:  2412                                  |
|   \\  /    A nd           | Website:  www.openfoam.com                      |
|    \\/     M anipulation  |                                                 |
\*---------------------------------------------------------------------------*/
FoamFile
{
    version     2.0;
    format      ascii;
    arch        "LSB;label=32;scalar=64";
    class       labelList;
    location    "constant/board/polyMesh";
    object      faceRegionAddressing;
}
// * * * * * * * * * * * * * * * * * * * * * * * * * * * * * * * * * * * * * //


9951
(
1
2
3
4
5
6
7
8
9
10
11
12
13
14
15
16
17
18
19
20
21
22
23
25
26
27
28
29
30
31
32
33
34
35
36
37
38
39
40
42
43
44
45
46
47
48
49
50
51
53
54
55
57
58
59
60
61
62
63
64
65
66
67
68
69
70
71
72
73
74
75
76
77
78
80
81
82
84
85
86
87
88
89
91
92
94
95
97
98
99
100
101
102
103
104
105
106
107
108
109
110
111
112
113
114
115
116
117
119
120
122
123
125
126
127
129
130
132
133
134
135
136
137
138
140
141
142
143
144
145
146
147
148
149
150
151
152
153
154
155
157
158
159
160
161
162
163
165
166
167
169
170
171
172
173
174
175
176
177
179
181
182
183
184
185
186
187
188
189
190
191
192
193
194
195
196
197
199
200
201
203
204
205
206
207
208
209
210
211
212
213
214
215
216
217
218
219
220
221
222
223
225
226
227
228
229
230
231
232
233
234
235
236
237
238
239
240
241
242
244
245
246
247
248
249
251
252
254
255
256
257
258
259
260
261
262
264
265
266
267
268
269
270
271
272
273
274
276
277
278
280
281
282
283
284
285
286
287
288
289
291
292
293
294
295
296
297
298
299
300
301
303
304
306
307
308
310
311
312
313
314
316
317
318
320
321
322
323
324
326
327
328
329
330
331
332
333
334
335
336
337
338
339
340
341
342
344
345
346
347
348
349
350
351
352
353
354
355
356
357
359
360
361
362
363
364
365
366
367
368
369
370
371
372
374
375
376
378
379
380
382
383
384
385
386
387
389
390
391
393
394
395
397
398
399
401
402
403
404
405
406
407
408
409
411
412
413
415
416
417
419
420
422
423
424
425
426
428
429
430
431
432
433
434
435
436
437
438
440
442
443
444
445
446
447
448
449
451
452
454
455
456
457
458
459
460
461
462
463
464
465
466
467
468
469
470
471
472
474
475
476
477
478
479
480
481
482
483
484
486
487
488
489
491
492
493
494
495
496
497
499
500
501
502
503
505
506
507
508
509
510
512
513
515
516
517
518
519
520
522
523
524
525
527
528
529
531
532
533
534
535
536
537
538
539
540
541
542
543
544
545
546
547
548
549
550
552
553
554
556
557
559
560
561
562
563
564
565
566
567
568
569
570
571
572
573
574
575
576
577
578
579
580
581
582
583
584
585
587
588
589
590
591
592
593
595
596
597
599
600
601
602
604
605
606
607
608
609
610
612
613
614
616
617
618
620
621
622
623
624
625
627
628
629
630
631
633
634
635
636
637
638
639
640
641
642
643
644
646
647
648
650
651
652
653
654
655
656
657
658
660
661
663
664
665
666
667
668
669
670
671
672
673
674
675
677
678
679
680
681
682
683
685
686
687
689
690
691
692
693
694
695
696
697
698
699
700
701
702
703
704
705
707
708
709
710
711
713
714
715
716
717
718
719
721
722
723
725
726
728
729
730
732
733
734
735
736
737
738
740
741
742
743
744
745
746
748
749
751
752
753
754
755
756
758
759
760
761
763
764
765
766
767
768
769
770
771
773
774
775
776
778
779
780
782
783
785
786
787
789
790
791
792
793
794
795
797
798
800
801
802
803
804
806
807
808
809
810
811
812
814
815
817
818
819
820
821
822
823
824
825
826
827
828
829
830
831
833
834
836
837
838
839
840
841
842
844
845
846
848
849
850
851
852
853
854
856
857
858
859
860
861
862
863
864
866
867
868
869
870
872
873
874
876
878
879
880
881
882
883
884
885
886
887
889
890
891
892
893
895
896
898
899
900
902
903
904
905
906
907
908
909
910
911
912
913
914
916
917
919
920
922
923
924
926
927
928
929
930
931
932
934
935
936
937
938
939
940
942
943
944
946
947
948
949
950
951
952
954
955
956
957
958
959
960
961
962
963
964
965
966
967
968
970
971
973
974
976
977
978
980
981
982
984
985
986
987
988
989
990
991
992
994
995
997
999
1000
1001
1003
1005
1006
1007
1008
1009
1010
1012
1013
1014
1016
1017
1018
1019
1020
1021
1023
1024
1025
1026
1027
1028
1029
1030
1031
1032
1033
1035
1036
1037
1038
1039
1040
1041
1042
1043
1045
1046
1047
1048
1049
1050
1051
1052
1053
1055
1057
1058
1059
1061
1062
1063
1065
1066
1067
1069
1070
1071
1073
1074
1075
1076
1077
1079
1080
1082
1083
1085
1086
1087
1088
1089
1091
1092
1093
1094
1095
1096
1097
1098
1099
1101
1102
1103
1105
1107
1108
1109
1111
1112
1113
1114
1115
1116
1117
1118
1119
1120
1121
1122
1123
1124
1125
1127
1129
1130
1132
1133
1134
1135
1136
1137
1138
1139
1140
1142
1143
1144
1146
1147
1148
1149
1150
1151
1152
1153
1154
1155
1156
1157
1158
1159
1160
1161
1162
1163
1165
1166
1168
1169
1170
1171
1172
1174
1175
1177
1178
1179
1181
1182
1183
1184
1185
1186
1187
1188
1189
1191
1192
1193
1195
1196
1198
1199
1200
1201
1202
1203
1205
1206
1208
1209
1211
1212
1213
1214
1215
1216
1217
1218
1219
1220
1221
1222
1223
1224
1225
1226
1228
1229
1230
1231
1232
1233
1235
1236
1237
1238
1239
1240
1241
1242
1244
1245
1247
1248
1250
1251
1252
1253
1254
1255
1257
1258
1259
1261
1262
1263
1264
1265
1267
1268
1269
1271
1272
1273
1274
1275
1276
1278
1279
1280
1282
1283
1284
1286
1287
1288
1289
1290
1291
1292
1294
1295
1296
1297
1298
1299
1300
1301
1302
1303
1304
1306
1307
1308
1310
1311
1313
1314
1316
1317
1319
1320
1321
1322
1324
1326
1327
1329
1330
1331
1332
1333
1334
1335
1336
1338
1339
1340
1342
1343
1344
1345
1346
1347
1348
1349
1350
1351
1352
1353
1354
1355
1356
1357
1358
1359
1360
1361
1362
1363
1364
1366
1368
1369
1371
1372
1373
1374
1375
1376
1377
1378
1379
1381
1382
1383
1385
1386
1387
1389
1390
1392
1393
1395
1396
1398
1399
1400
1401
1402
1403
1404
1405
1406
1407
1408
1409
1410
1411
1412
1414
1415
1416
1418
1419
1421
1422
1424
1425
1426
1428
1429
1431
1432
1433
1434
1436
1437
1438
1439
1440
1442
1443
1445
1446
1447
1448
1449
1450
1452
1453
1454
1455
1456
1457
1458
1459
1460
1461
1462
1464
1465
1466
1467
1469
1470
1471
1472
1473
1474
1475
1476
1477
1478
1479
1480
1481
1482
1483
1485
1486
1487
1489
1490
1491
1493
1494
1495
1497
1498
1499
1500
1501
1502
1504
1505
1507
1508
1509
1510
1511
1512
1513
1515
1516
1517
1518
1519
1521
1522
1523
1525
1526
1527
1529
1530
1531
1533
1534
1535
1536
1537
1538
1539
1540
1541
1542
1543
1544
1545
1547
1548
1550
1551
1553
1555
1556
1557
1558
1559
1560
1561
1562
1563
1564
1565
1566
1567
1568
1569
1570
1571
1572
1574
1575
1576
1578
1579
1581
1582
1584
1585
1586
1587
1588
1589
1591
1592
1593
1594
1595
1597
1598
1599
1600
1602
1603
1604
1607
1608
1609
1610
1611
1612
1614
1615
1616
1617
1618
1619
1620
1621
1622
1623
1624
1625
1626
1628
1629
1631
1632
1633
1635
1636
1637
1640
1641
1643
1644
1645
1646
1647
1648
1649
1651
1652
1653
1654
1655
1656
1657
1658
1659
1660
1662
1663
1664
1665
1666
1667
1668
1669
1671
1672
1673
1675
1676
1678
1679
1680
1681
1682
1683
1684
1685
1686
1687
1688
1689
1691
1692
1693
1694
1695
1696
1698
1699
1701
1703
1704
1705
1706
1707
1708
1709
1710
1711
1712
1714
1715
1716
1717
1718
1719
1720
1722
1723
1725
1726
1727
1728
1729
1730
1731
1732
1733
1734
1735
1736
1737
1738
1740
1741
1743
1744
1745
1747
1748
1749
1751
1752
1753
1755
1756
1757
1758
1759
1760
1761
1762
1763
1764
1765
1766
1767
1768
1770
1771
1773
1774
1776
1777
1778
1779
1780
1781
1783
1784
1785
1786
1787
1788
1789
1791
1792
1793
1795
1797
1798
1799
1801
1802
1803
1805
1806
1807
1808
1809
1810
1811
1812
1813
1814
1815
1817
1818
1819
1820
1821
1822
1823
1824
1825
1826
1828
1829
1830
1831
1832
1833
1834
1835
1836
1837
1838
1839
1841
1842
1843
1845
1846
1848
1849
1850
1851
1852
1853
1855
1856
1858
1859
1860
1861
1862
1863
1864
1865
1866
1868
1869
1871
1872
1873
1874
1875
1876
1878
1880
1881
1882
1883
1884
1885
1886
1887
1889
1890
1892
1893
1894
1897
1898
1900
1901
1902
1904
1905
1906
1907
1908
1910
1911
1913
1914
1916
1917
1918
1919
1920
1921
1922
1924
1925
1926
1928
1929
1930
1932
1933
1934
1936
1937
1940
1941
1942
1943
1944
1945
1946
1947
1948
1950
1951
1952
1953
1954
1956
1957
1959
1960
1961
1962
1963
1964
1965
1966
1967
1968
1969
1970
1971
1972
1973
1974
1975
1977
1978
1980
1981
1983
1984
1985
1986
1987
1988
1989
1990
1991
1992
1993
1994
1995
1996
1998
1999
2000
2001
2002
2003
2004
2005
2006
2007
2008
2009
2010
2012
2013
2014
2015
2016
2017
2018
2019
2020
2021
2022
2023
2025
2026
2027
2028
2029
2030
2031
2032
2033
2034
2035
2036
2038
2039
2040
2042
2043
2044
2045
2047
2049
2050
2051
2052
2054
2055
2056
2057
2058
2059
2060
2061
2062
2064
2065
2067
2068
2069
2070
2071
2073
2074
2076
2077
2078
2079
2080
2081
2082
2083
2084
2085
2086
2087
2088
2089
2091
2092
2094
2095
2096
2097
2098
2099
2100
2101
2102
2103
2104
2105
2106
2107
2108
2109
2110
2111
2112
2113
2114
2115
2116
2117
2119
2120
2121
2122
2123
2124
2125
2126
2127
2128
2129
2130
2131
2132
2133
2135
2136
2138
2139
2140
2142
2144
2145
2147
2148
2149
2150
2151
2152
2153
2154
2155
2157
2158
2160
2161
2163
2164
2166
2167
2169
2170
2171
2173
2174
2176
2177
2178
2180
2181
2182
2184
2185
2186
2187
2188
2189
2191
2192
2193
2194
2195
2196
2197
2198
2199
2200
2201
2202
2203
2205
2207
2208
2210
2211
2213
2214
2215
2217
2218
2220
2221
2222
2223
2225
2226
2227
2228
2229
2230
2232
2233
2234
2235
2237
2238
2239
2240
2241
2242
2244
2245
2246
2248
2249
2250
2251
2252
2253
2254
2255
2257
2259
2260
2261
2262
2263
2264
2265
2266
2267
2268
2270
2271
2272
2274
2275
2276
2278
2279
2280
2281
2282
2283
2284
2285
2286
2287
2288
2289
2290
2291
2292
2293
2294
2295
2296
2297
2298
2299
2300
2301
2302
2304
2305
2306
2308
2309
2310
2311
2312
2313
2314
2315
2316
2317
2318
2320
2322
2323
2324
2325
2326
2327
2328
2329
2330
2331
2332
2333
2334
2335
2336
2337
2338
2339
2340
2341
2342
2344
2346
2347
2349
2350
2351
2353
2354
2355
2356
2358
2359
2360
2362
2363
2364
2365
2366
2367
2368
2369
2370
2371
2372
2373
2375
2376
2377
2379
2380
2382
2383
2384
2385
2386
2387
2388
2389
2391
2392
2393
2394
2395
2396
2397
2399
2400
2401
2403
2404
2405
2406
2407
2408
2409
2410
2411
2412
2413
2414
2415
2416
2418
2419
2421
2422
2423
2424
2425
2427
2428
2429
2430
2431
2432
2433
2434
2435
2436
2437
2439
2440
2441
2443
2444
2445
2446
2447
2449
2450
2451
2452
2453
2454
2455
2456
2457
2458
2459
2460
2461
2462
2463
2464
2465
2466
2467
2469
2470
2471
2472
2473
2474
2475
2476
2478
2479
2480
2482
2485
2486
2487
2489
2490
2492
2493
2495
2496
2497
2498
2499
2501
2502
2503
2504
2505
2506
2507
2509
2510
2511
2513
2514
2516
2517
2519
2522
2523
2524
2525
2526
2527
2528
2530
2531
2532
2534
2535
2536
2538
2539
2540
2541
2543
2544
2545
2546
2547
2549
2551
2552
2554
2555
2556
2557
2558
2559
2560
2561
2563
2565
2566
2567
2568
2569
2570
2572
2573
2575
2577
2578
2579
2580
2582
2583
2584
2585
2586
2587
2588
2589
2591
2592
2593
2594
2595
2596
2597
2598
2599
2600
2601
2602
2604
2605
2606
2608
2609
2610
2611
2612
2613
2614
2615
2616
2618
2620
2621
2622
2623
2624
2625
2626
2627
2628
2629
2630
2632
2633
2634
2635
2636
2637
2639
2640
2641
2642
2643
2645
2646
2647
2649
2650
2652
2653
2655
2656
2658
2659
2660
2662
2664
2665
2666
2668
2669
2671
2672
2674
2675
2677
2679
2681
2682
2683
2684
2685
2686
2687
2688
2689
2690
2692
2693
2694
2696
2697
2699
2700
2701
2702
2703
2704
2706
2707
2708
2709
2710
2711
2712
2714
2715
2716
2717
2718
2719
2720
2722
2723
2724
2725
2726
2727
2728
2730
2731
2732
2734
2736
2737
2739
2741
2742
2744
2745
2746
2747
2748
2749
2750
2751
2752
2753
2754
2755
2756
2757
2758
2759
2760
2761
2762
2763
2764
2765
2766
2767
2768
2769
2770
2771
2772
2773
2774
2775
2776
2777
2778
2780
2781
2782
2783
2784
2786
2787
2788
2789
2790
2791
2792
2794
2795
2796
2797
2798
2799
2800
2801
2802
2803
2804
2805
2806
2807
2808
2809
2810
2811
2812
2813
2814
2815
2816
2817
2818
2819
2821
2823
2824
2825
2827
2828
2830
2831
2832
2834
2836
2837
2838
2839
2840
2841
2842
2843
2844
2845
2847
2848
2849
2850
2851
2852
2853
2854
2855
2856
2857
2858
2859
2862
2863
2864
2865
2866
2868
2870
2871
2872
2873
2875
2876
2878
2879
2880
2882
2883
2884
2885
2886
2887
2888
2890
2891
2892
2893
2894
2895
2896
2898
2899
2900
2901
2903
2904
2906
2907
2908
2909
2910
2911
2912
2914
2915
2916
2917
2918
2920
2921
2922
2923
2925
2926
2928
2929
2930
2932
2933
2935
2936
2938
2939
2940
2941
2942
2943
2944
2946
2947
2948
2949
2950
2951
2953
2954
2956
2957
2958
2959
2961
2962
2963
2964
2965
2967
2968
2969
2971
2972
2973
2974
2975
2976
2977
2978
2979
2980
2981
2982
2984
2985
2986
2987
2988
2989
2990
2991
2992
2993
2994
2995
2996
2997
2998
2999
3000
3001
3002
3003
3004
3005
3006
3007
3008
3009
3011
3012
3013
3014
3015
3017
3018
3019
3020
3022
3023
3024
3025
3026
3027
3029
3031
3032
3033
3035
3036
3037
3039
3040
3042
3043
3044
3045
3046
3048
3049
3051
3052
3053
3054
3055
3056
3057
3059
3060
3062
3063
3065
3066
3067
3068
3070
3071
3072
3074
3075
3076
3077
3078
3079
3081
3082
3083
3084
3085
3087
3088
3090
3092
3093
3095
3096
3097
3098
3099
3100
3102
3103
3104
3105
3106
3107
3108
3109
3110
3111
3112
3113
3114
3115
3116
3117
3119
3120
3121
3122
3123
3125
3126
3128
3130
3131
3132
3133
3134
3135
3136
3137
3138
3139
3140
3141
3142
3143
3144
3146
3147
3149
3150
3151
3152
3154
3155
3157
3158
3159
3160
3161
3162
3164
3165
3166
3167
3168
3169
3170
3171
3172
3174
3175
3176
3177
3178
3179
3180
3181
3182
3183
3184
3185
3187
3188
3190
3191
3192
3193
3194
3196
3197
3198
3199
3201
3202
3203
3205
3206
3207
3209
3210
3211
3212
3213
3215
3217
3218
3219
3220
3221
3223
3224
3225
3227
3228
3231
3232
3234
3235
3237
3239
3240
3242
3243
3244
3246
3247
3248
3249
3250
3252
3253
3255
3257
3258
3260
3261
3263
3264
3266
3267
3268
3270
3272
3273
3275
3276
3277
3278
3280
3282
3283
3284
3285
3286
3287
3288
3289
3290
3291
3293
3294
3295
3296
3297
3299
3301
3302
3303
3304
3306
3307
3309
3310
3312
3313
3314
3316
3317
3318
3319
3320
3321
3322
3323
3324
3326
3327
3328
3330
3331
3332
3333
3334
3336
3337
3339
3341
3343
3344
3345
3346
3347
3348
3349
3350
3351
3353
3354
3355
3356
3357
3358
3359
3360
3361
3363
3364
3366
3367
3368
3369
3370
3372
3373
3374
3375
3376
3377
3378
3380
3382
3384
3385
3386
3387
3388
3390
3392
3394
3396
3397
3399
3400
3401
3402
3403
3404
3406
3407
3409
3410
3411
3412
3413
3415
3416
3417
3418
3419
3420
3422
3423
3424
3425
3426
3427
3428
3429
3430
3431
3432
3433
3434
3436
3437
3438
3439
3440
3441
3443
3444
3445
3446
3447
3448
3449
3450
3451
3452
3453
3454
3455
3457
3458
3459
3460
3461
3463
3464
3466
3467
3468
3469
3470
3472
3473
3475
3476
3477
3478
3479
3480
3481
3482
3483
3484
3485
3486
3487
3488
3490
3491
3493
3495
3496
3497
3499
3500
3501
3502
3503
3505
3507
3508
3509
3510
3511
3512
3513
3514
3515
3516
3518
3519
3520
3522
3524
3525
3526
3527
3528
3529
3530
3531
3532
3533
3534
3537
3538
3539
3540
3541
3542
3543
3544
3545
3546
3547
3548
3549
3550
3551
3552
3553
3555
3556
3557
3558
3559
3560
3562
3563
3565
3566
3567
3568
3569
3570
3571
3572
3573
3575
3576
3577
3579
3580
3581
3583
3584
3586
3587
3589
3590
3591
3592
3593
3594
3595
3596
3598
3599
3600
3602
3603
3605
3606
3607
3609
3610
3612
3613
3614
3617
3618
3620
3621
3623
3625
3627
3628
3630
3631
3632
3633
3635
3636
3637
3639
3640
3641
3642
3643
3644
3645
3646
3648
3649
3650
3651
3652
3653
3655
3656
3658
3659
3660
3661
3662
3663
3664
3665
3667
3668
3670
3671
3672
3673
3674
3676
3677
3678
3679
3680
3682
3683
3685
3686
3688
3689
3691
3692
3693
3694
3696
3697
3698
3699
3701
3702
3703
3705
3706
3708
3709
3711
3712
3714
3715
3716
3717
3718
3719
3720
3721
3722
3723
3724
3725
3726
3727
3729
3730
3732
3733
3734
3736
3737
3738
3739
3741
3742
3743
3744
3745
3746
3748
3749
3750
3751
3753
3754
3755
3756
3757
3758
3759
3760
3761
3762
3763
3765
3766
3767
3768
3769
3770
3772
3773
3774
3775
3777
3779
3781
3782
3783
3784
3785
3786
3787
3788
3789
3790
3792
3793
3794
3796
3797
3799
3800
3801
3802
3803
3804
3805
3806
3807
3808
3810
3812
3814
3815
3816
3817
3818
3820
3821
3822
3823
3824
3825
3826
3827
3828
3830
3831
3833
3835
3836
3837
3839
3840
3841
3842
3844
3845
3846
3847
3849
3850
3851
3852
3853
3854
3855
3856
3858
3859
3861
3862
3864
3865
3867
3869
3870
3872
3873
3874
3875
3876
3877
3879
3880
3881
3882
3883
3884
3886
3887
3888
3889
3890
3891
3892
3894
3896
3898
3899
3900
3901
3903
3904
3906
3908
3909
3910
3912
3913
3915
3916
3918
3919
3921
3922
3924
3925
3926
3928
3929
3931
3932
3933
3935
3936
3937
3939
3940
3941
3943
3944
3945
3946
3947
3949
3950
3952
3953
3954
3955
3956
3957
3958
3959
3960
3962
3963
3965
3967
3969
3970
3971
3973
3975
3976
3977
3978
3979
3980
3982
3983
3985
3986
3987
3988
3989
3990
3992
3993
3994
3996
3997
3999
4000
4001
4003
4004
4005
4006
4007
4008
4009
4010
4011
4012
4014
4015
4017
4018
4019
4020
4021
4022
4023
4024
4026
4028
4029
4030
4032
4033
4034
4035
4036
4037
4038
4039
4040
4042
4043
4045
4046
4048
4049
4050
4051
4052
4054
4055
4057
4058
4060
4062
4063
4065
4066
4068
4069
4070
4071
4073
4074
4075
4076
4077
4078
4079
4080
4081
4082
4083
4085
4086
4087
4088
4089
4091
4092
4093
4095
4097
4098
4100
4101
4103
4104
4106
4108
4109
4110
4111
4112
4113
4114
4115
4117
4118
4120
4122
4124
4125
4126
4127
4128
4129
4131
4132
4133
4134
4135
4136
4137
4138
4139
4141
4142
4143
4146
4147
4149
4150
4151
4153
4155
4157
4158
4159
4160
4162
4163
4165
4166
4167
4168
4169
4171
4172
4173
4174
4175
4176
4177
4178
4179
4181
4182
4183
4185
4186
4187
4188
4189
4190
4191
4192
4194
4195
4196
4197
4198
4199
4200
4201
4202
4203
4205
4206
4207
4208
4209
4211
4213
4214
4215
4217
4218
4220
4221
4223
4225
4227
4228
4229
4230
4231
4233
4234
4235
4236
4237
4238
4239
4241
4242
4244
4245
4246
4247
4248
4249
4250
4252
4253
4255
4256
4258
4259
4260
4261
4262
4264
4265
4267
4269
4271
4272
4273
4274
4275
4277
4278
4279
4280
4281
4282
4284
4285
4287
4288
4289
4290
4291
4292
4293
4294
4295
4297
4298
4300
4301
4302
4304
4306
4307
4309
4310
4311
4312
4314
4315
4316
4317
4318
4320
4321
4323
4324
4325
4326
4327
4329
4330
4332
4333
4335
4337
4339
4340
4341
4342
4343
4344
4345
4346
4348
4350
4351
4352
4353
4354
4355
4357
4358
4359
4361
4363
4365
4366
4368
4369
4371
4372
4373
4374
4375
4377
4378
4379
4380
4381
4382
4383
4384
4386
4387
4388
4389
4390
4391
4392
4394
4395
4397
4399
4400
4401
4402
4403
4404
4405
4406
4407
4408
4409
4412
4413
4414
4416
4417
4419
4420
4421
4422
4423
4424
4425
4426
4428
4429
4430
4431
4433
4434
4436
4437
4439
4440
4441
4442
4443
4445
4446
4447
4448
4449
4451
4452
4454
4455
4457
4458
4459
4460
4461
4462
4463
4465
4466
4467
4468
4469
4471
4473
4474
4475
4476
4478
4479
4480
4481
4482
4483
4485
4486
4487
4488
4489
4490
4491
4492
4494
4495
4496
4497
4498
4499
4501
4502
4503
4504
4505
4506
4507
4509
4510
4511
4512
4513
4515
4516
4517
4519
4520
4521
4522
4523
4524
4525
4527
4528
4529
4530
4532
4533
4535
4536
4537
4539
4540
4542
4543
4544
4546
4547
4548
4549
4550
4551
4552
4553
4555
4556
4558
4559
4560
4561
4562
4563
4564
4566
4567
4568
4569
4570
4572
4573
4574
4575
4576
4578
4580
4581
4582
4584
4585
4587
4588
4590
4592
4594
4595
4596
4598
4600
4601
4603
4604
4605
4606
4608
4610
4611
4613
4614
4615
4616
4617
4618
4619
4621
4622
4623
4625
4626
4627
4628
4629
4631
4633
4635
4636
4637
4638
4639
4640
4641
4642
4644
4645
4646
4648
4649
4651
4653
4655
4656
4657
4658
4659
4661
4663
4664
4666
4667
4668
4669
4670
4671
4673
4674
4675
4677
4678
4679
4680
4681
4682
4684
4685
4686
4688
4689
4691
4692
4693
4694
4696
4697
4698
4699
4700
4701
4702
4703
4705
4707
4708
4709
4710
4711
4712
4713
4714
4715
4716
4717
4718
4720
4722
4724
4726
4727
4728
4730
4731
4732
4733
4734
4735
4736
4737
4738
4740
4741
4743
4744
4745
4746
4747
4748
4750
4751
4753
4754
4755
4757
4759
4761
4762
4764
4765
4767
4768
4770
4771
4773
4774
4775
4777
4778
4779
4780
4781
4782
4783
4785
4786
4787
4789
4790
4792
4793
4795
4797
4798
4799
4800
4802
4803
4805
4806
4808
4809
4811
4812
4813
4814
4815
4816
4818
4819
4820
4821
4822
4824
4826
4827
4829
4830
4832
4833
4834
4836
4837
4839
4840
4841
4843
4844
4846
4847
4849
4850
4851
4852
4853
4854
4855
4856
4857
4858
4859
4860
4861
4862
4863
4865
4867
4869
4870
4871
4872
4874
4875
4876
4877
4879
4880
4881
4883
4884
4886
4887
4889
4890
4891
4893
4894
4895
4896
4897
4898
4899
4900
4902
4903
4905
4907
4908
4910
4911
4912
4913
4914
4916
4917
4918
4919
4920
4922
4924
4925
4927
4928
4929
4930
4933
4934
4936
4937
4939
4940
4941
4943
4944
4946
4947
4948
4949
4950
4951
4953
4954
4956
4957
4958
4959
4960
4961
4962
4963
4965
4967
4969
4970
4972
4973
4975
4977
4978
4979
4981
4982
4984
4985
4987
4988
4990
4991
4993
4994
4996
4998
4999
5000
5001
5002
5004
5005
5006
5007
5008
5009
5010
5012
5013
5014
5015
5016
5018
5020
5021
5022
5024
5026
5028
5029
5031
5033
5034
5035
5036
5037
5038
5039
5040
5042
5043
5044
5045
5046
5047
5048
5050
5051
5053
5054
5055
5056
5058
5059
5061
5062
5063
5064
5065
5067
5068
5069
5071
5072
5073
5074
5075
5076
5078
5079
5080
5081
5083
5084
5085
5086
5087
5088
5089
5090
5092
5093
5094
5095
5096
5098
5099
5101
5102
5103
5104
5105
5106
5107
5108
5109
5111
5112
5113
5114
5115
5116
5117
5118
5119
5120
5121
5122
5123
5124
5125
5126
5127
5128
5130
5131
5132
5134
5136
5137
5138
5139
5140
5142
5144
5145
5146
5147
5148
5149
5150
5152
5153
5154
5156
5157
5159
5160
5161
5163
5164
5166
5169
5171
5172
5173
5174
5175
5176
5178
5179
5181
5183
5184
5185
5186
5188
5189
5191
5193
5195
5196
5198
5199
5201
5202
5204
5206
5207
5209
5211
5213
5214
5215
5217
5218
5219
5221
5222
5223
5224
5226
5227
5228
5229
5230
5231
5232
5233
5234
5235
5237
5239
5241
5242
5244
5245
5247
5248
5249
5250
5252
5253
5254
5255
5257
5258
5260
5261
5262
5263
5264
5265
5266
5268
5269
5271
5272
5274
5275
5276
5278
5280
5282
5284
5285
5286
5287
5288
5290
5291
5292
5293
5294
5295
5296
5298
5300
5301
5303
5304
5305
5306
5307
5308
5310
5311
5312
5314
5315
5316
5317
5319
5320
5321
5323
5325
5326
5327
5328
5329
5330
5332
5333
5334
5336
5337
5338
5339
5341
5342
5343
5344
5345
5346
5347
5348
5349
5350
5351
5352
5353
5354
5356
5357
5359
5362
5364
5365
5367
5368
5370
5371
5372
5374
5375
5376
5377
5378
5379
5380
5381
5382
5384
5385
5387
5389
5390
5391
5392
5394
5395
5397
5398
5400
5401
5403
5404
5406
5407
5408
5410
5411
5413
5414
5415
5416
5418
5420
5421
5422
5424
5425
5427
5428
5429
5431
5433
5434
5436
5437
5438
5439
5441
5442
5443
5444
5446
5447
5448
5449
5450
5451
5452
5453
5455
5457
5458
5460
5461
5463
5464
5465
5466
5467
5468
5471
5472
5473
5474
5475
5477
5479
5480
5482
5483
5485
5486
5487
5489
5490
5492
5493
5494
5495
5496
5498
5500
5501
5503
5505
5506
5509
5510
5512
5514
5515
5516
5517
5518
5519
5521
5522
5523
5524
5525
5526
5527
5528
5529
5530
5531
5532
5533
5535
5536
5537
5538
5539
5541
5542
5543
5546
5548
5549
5550
5552
5553
5554
5556
5557
5558
5560
5561
5563
5566
5567
5568
5569
5570
5571
5573
5574
5575
5577
5579
5580
5581
5583
5584
5586
5587
5589
5591
5592
5593
5594
5595
5597
5598
5599
5600
5602
5603
5604
5605
5606
5608
5609
5610
5611
5613
5615
5616
5617
5619
5620
5621
5622
5623
5625
5626
5628
5629
5630
5631
5632
5633
5635
5637
5638
5639
5641
5642
5643
5645
5646
5647
5648
5649
5651
5653
5656
5657
5659
5660
5661
5663
5664
5666
5668
5670
5671
5673
5674
5675
5676
5677
5678
5680
5681
5682
5683
5684
5685
5687
5688
5690
5692
5694
5695
5696
5697
5698
5699
5701
5702
5703
5704
5705
5707
5708
5710
5712
5713
5715
5716
5717
5718
5720
5721
5722
5723
5724
5725
5726
5727
5728
5729
5731
5732
5733
5734
5735
5737
5739
5740
5741
5743
5746
5747
5748
5749
5750
5751
5753
5755
5757
5758
5759
5760
5762
5763
5765
5766
5767
5768
5770
5771
5772
5773
5774
5775
5776
5777
5778
5780
5781
5782
5783
5784
5785
5786
5787
5788
5789
5791
5793
5794
5796
5798
5799
5800
5801
5802
5804
5805
5806
5808
5809
5810
5811
5812
5813
5814
5815
5817
5819
5820
5821
5823
5825
5827
5829
5831
5832
5833
5835
5837
5838
5840
5842
5844
5845
5846
5848
5850
5853
5855
5856
5857
5858
5859
5860
5861
5863
5864
5865
5866
5867
5868
5869
5871
5872
5874
5875
5876
5877
5878
5880
5882
5883
5884
5886
5887
5890
5891
5892
5893
5895
5896
5897
5899
5901
5903
5904
5905
5907
5908
5909
5910
5911
5912
5914
5915
5917
5918
5921
5923
5924
5926
5928
5929
5931
5932
5933
5935
5937
5938
5939
5941
5943
5944
5945
5946
5947
5948
5950
5951
5953
5954
5956
5957
5959
5961
5962
5965
5966
5968
5969
5970
5971
5973
5974
5976
5977
5980
5982
5983
5984
5985
5987
5989
5990
5991
5994
5995
5996
5997
5998
5999
6000
6001
6002
6003
6004
6005
6006
6007
6008
6009
6012
6013
6015
6017
6018
6019
6020
6021
6022
6023
6024
6025
6028
6029
6030
6032
6033
6035
6036
6037
6038
6039
6040
6041
6042
6043
6044
6046
6047
6049
6050
6052
6053
6054
6055
6056
6057
6058
6059
6060
6061
6062
6065
6067
6068
6069
6070
6071
6073
6074
6075
6076
6077
6078
6079
6081
6082
6083
6085
6086
6088
6089
6090
6091
6092
6094
6095
6097
6099
6100
6101
6102
6103
6104
6105
6106
6108
6110
6112
6114
6115
6116
6118
6119
6120
6121
6122
6123
6124
6125
6126
6127
6128
6129
6130
6131
6132
6133
6134
6135
6136
6137
6139
6140
6142
6144
6145
6146
6147
6150
6151
6153
6155
6156
6158
6160
6161
6162
6163
6165
6166
6167
6169
6170
6171
6172
6173
6175
6177
6179
6180
6181
6183
6185
6186
6187
6190
6191
6193
6195
6197
6198
6200
6202
6203
6205
6206
6207
6208
6210
6212
6213
6215
6217
6219
6220
6221
6222
6223
6224
6226
6227
6230
6231
6232
6233
6234
6236
6237
6239
6240
6241
6242
6244
6245
6247
6248
6250
6251
6252
6253
6254
6256
6257
6258
6259
6261
6263
6264
6265
6266
6269
6270
6272
6274
6275
6276
6277
6278
6279
6280
6282
6284
6286
6287
6288
6289
6290
6291
6293
6295
6297
6298
6299
6300
6301
6302
6303
6304
6305
6306
6307
6308
6309
6310
6312
6313
6314
6316
6317
6318
6319
6320
6321
6322
6323
6324
6325
6326
6327
6328
6329
6330
6331
6332
6333
6334
6336
6337
6338
6340
6341
6342
6343
6344
6345
6348
6350
6352
6355
6356
6357
6359
6360
6361
6363
6364
6366
6367
6368
6371
6373
6375
6377
6379
6380
6382
6384
6385
6387
6388
6390
6392
6394
6395
6396
6398
6399
6401
6402
6403
6405
6407
6408
6409
6410
6411
6413
6414
6415
6416
6418
6420
6421
6424
6427
6429
6430
6432
6433
6434
6435
6436
6438
6441
6442
6444
6445
6447
6450
6451
6452
6453
6455
6456
6458
6459
6461
6462
6464
6465
6466
6468
6469
6470
6471
6472
6473
6474
6476
6477
6479
6481
6482
6483
6484
6485
6487
6488
6489
6490
6491
6492
6493
6494
6495
6496
6497
6498
6499
6501
6502
6504
6505
6506
6507
6510
6511
6512
6514
6515
6518
6519
6521
6522
6523
6524
6525
6527
6528
6529
6531
6533
6534
6535
6537
6538
6539
6540
6541
6542
6543
6545
6547
6549
6551
6552
6553
6554
6555
6556
6558
6559
6560
6561
6563
6564
6566
6569
6570
6572
6573
6574
6576
6577
6579
6581
6583
6585
6586
6588
6590
6591
6592
6593
6594
6595
6597
6598
6600
6602
6603
6606
6607
6608
6610
6612
6614
6615
6616
6618
6619
6620
6622
6623
6625
6626
6627
6628
6632
6633
6635
6636
6638
6639
6640
6641
6642
6644
6645
6646
6647
6649
6651
6653
6656
6658
6660
6662
6663
6667
6668
6669
6670
6672
6673
6675
6677
6678
6679
6680
6682
6683
6685
6688
6690
6691
6692
6694
6695
6697
6698
6700
6701
6702
6703
6704
6706
6707
6709
6710
6712
6714
6715
6716
6718
6719
6720
6723
6724
6726
6727
6729
6730
6733
6734
6736
6738
6740
6741
6743
6744
6745
6747
6748
6749
6750
6753
6754
6756
6757
6759
6760
6762
6763
6764
6766
6767
6769
6770
6771
6772
6773
6774
6776
6779
6780
6781
6782
6784
6785
6786
6787
6788
6789
6791
6793
6794
6795
6796
6797
6799
6800
6801
6802
6803
6805
6806
6808
6809
6811
6812
6813
6814
6815
6816
6817
6818
6819
6820
6822
6824
6826
6827
6829
6831
6832
6834
6835
6837
6839
6840
6841
6842
6843
6844
6846
6847
6848
6849
6851
6852
6853
6855
6856
6858
6859
6860
6862
6865
6867
6870
6871
6872
6873
6874
6876
6878
6879
6880
6881
6882
6883
6885
6886
6887
6888
6889
6890
6891
6892
6893
6894
6895
6896
6898
6900
6901
6902
6904
6907
6908
6909
6910
6911
6912
6913
6914
6916
6917
6919
6921
6922
6923
6925
6926
6927
6928
6930
6933
6934
6935
6936
6939
6940
6942
6943
6945
6947
6949
6950
6952
6953
6956
6958
6959
6961
6962
6963
6964
6967
6969
6971
6972
6973
6975
6976
6978
6979
6980
6982
6983
6984
6985
6987
6988
6989
6990
6992
6994
6995
6997
6999
7000
7001
7003
7004
7005
7006
7007
7009
7010
7011
7012
7013
7015
7017
7018
7019
7020
7021
7023
7024
7025
7027
7029
7030
7031
7033
7035
7037
7038
7040
7041
7042
7043
7044
7046
7047
7048
7050
7051
7052
7054
7055
7056
7058
7061
7062
7063
7064
7065
7066
7068
7070
7072
7073
7074
7075
7077
7079
7081
7082
7083
7085
7086
7087
7089
7090
7093
7094
7095
7097
7098
7100
7102
7104
7105
7107
7108
7110
7112
7115
7116
7117
7119
7120
7122
7124
7125
7126
7127
7128
7130
7131
7132
7133
7134
7135
7136
7140
7142
7144
7145
7147
7149
7150
7151
7154
7155
7156
7157
7158
7160
7161
7162
7163
7164
7166
7167
7169
7170
7171
7172
7173
7174
7176
7178
7179
7180
7181
7183
7184
7185
7186
7187
7188
7190
7191
7192
7193
7195
7197
7199
7201
7202
7203
7204
7206
7207
7208
7209
7210
7212
7213
7214
7215
7217
7218
7219
7220
7221
7222
7223
7225
7227
7228
7229
7230
7231
7233
7234
7236
7237
7238
7239
7240
7242
7243
7244
7245
7246
7247
7248
7250
7252
7253
7255
7256
7257
7258
7261
7264
7265
7266
7267
7268
7270
7271
7273
7277
7278
7279
7281
7283
7286
7288
7290
7291
7294
7296
7297
7298
7301
7302
7304
7305
7306
7307
7308
7309
7310
7311
7312
7313
7315
7316
7320
7322
7324
7325
7326
7327
7330
7331
7333
7335
7336
7338
7339
7340
7341
7342
7343
7344
7347
7349
7350
7352
7354
7356
7357
7358
7359
7361
7362
7363
7364
7365
7367
7368
7369
7370
7371
7372
7374
7375
7376
7377
7378
7379
7381
7382
7383
7384
7385
7387
7389
7391
7393
7395
7396
7397
7398
7400
7401
7402
7403
7405
7406
7407
7410
7411
7412
7414
7415
7417
7418
7419
7420
7421
7423
7425
7427
7428
7430
7431
7433
7434
7436
7437
7439
7441
7443
7445
7446
7448
7449
7451
7452
7453
7455
7456
7457
7458
7459
7461
7463
7464
7467
7470
7473
7474
7476
7477
7478
7479
7480
7481
7483
7484
7486
7488
7489
7491
7492
7494
7495
7496
7498
7500
7503
7505
7506
7507
7510
7511
7513
7515
7516
7518
7520
7521
7524
7526
7527
7529
7531
7532
7535
7536
7537
7538
7542
7544
7545
7546
7548
7549
7551
7553
7554
7556
7558
7560
7562
7563
7564
7565
7566
7567
7569
7571
7572
7574
7575
7578
7580
7583
7585
7587
7588
7591
7594
7596
7597
7598
7601
7602
7603
7605
7607
7608
7610
7611
7612
7614
7616
7617
7618
7619
7620
7621
7622
7623
7626
7627
7630
7632
7633
7634
7635
7636
7637
7638
7639
7640
7641
7642
7643
7644
7645
7646
7647
7648
7650
7651
7652
7654
7655
7657
7659
7661
7662
7663
7664
7665
7666
7667
7671
7672
7673
7674
7675
7676
7677
7679
7681
7682
7683
7684
7685
7686
7688
7690
7691
7692
7693
7694
7696
7697
7698
7700
7703
7704
7706
7707
7709
7710
7712
7713
7714
7715
7717
7719
7720
7721
7722
7723
7724
7725
7727
7728
7729
7730
7732
7733
7735
7736
7737
7738
7739
7741
7742
7744
7746
7747
7748
7749
7752
7753
7754
7755
7757
7758
7760
7762
7763
7765
7766
7769
7771
7772
7774
7775
7776
7777
7778
7779
7781
7782
7783
7785
7786
7788
7789
7791
7793
7795
7796
7799
7800
7804
7805
7806
7807
7809
7811
7812
7813
7815
7816
7817
7818
7820
7822
7823
7824
7826
7827
7828
7831
7833
7834
7835
7836
7838
7840
7841
7842
7845
7847
7848
7849
7853
7855
7857
7858
7860
7861
7862
7868
7869
7870
7872
7874
7875
7876
7878
7880
7881
7882
7886
7887
7890
7891
7893
7895
7896
7898
7899
7903
7904
7906
7909
7910
7911
7913
7914
7916
7917
7920
7921
7923
7924
7925
7926
7927
7928
7929
7931
7932
7934
7935
7938
7940
7941
7943
7944
7945
7947
7949
7951
7952
7954
7955
7957
7959
7960
7961
7962
7963
7964
7965
7966
7967
7968
7969
7971
7972
7973
7975
7976
7977
7979
7980
7983
7985
7986
7987
7988
7990
7991
7993
7994
7995
7998
7999
8002
8003
8005
8006
8008
8011
8013
8014
8015
8016
8017
8019
8020
8022
8023
8024
8026
8031
8032
8033
8034
8036
8037
8040
8041
8043
8044
8045
8046
8048
8049
8050
8051
8052
8054
8056
8057
8058
8060
8061
8064
8065
8067
8069
8071
8075
8076
8077
8079
8081
8082
8083
8084
8085
8086
8088
8090
8093
8094
8096
8098
8099
8100
8102
8104
8106
8108
8111
8112
8113
8115
8116
8117
8118
8120
8123
8129
8130
8131
8132
8133
8134
8136
8137
8140
8141
8142
8147
8149
8151
8152
8155
8157
8158
8159
8160
8163
8166
8167
8170
8171
8176
8178
8180
8181
8182
8183
8184
8187
8189
8190
8191
8192
8193
8194
8195
8196
8198
8199
8201
8203
8206
8208
8210
8214
8216
8217
8218
8220
8221
8222
8223
8224
8226
8227
8229
8232
8233
8235
8238
8239
8241
8244
8247
8248
8249
8250
8251
8254
8255
8256
8258
8260
8262
8264
8266
8268
8269
8273
8276
8277
8279
8282
8283
8286
8288
8290
8291
8293
8295
8297
8298
8301
8303
8306
8308
8310
8311
8312
8314
8316
8319
8321
8323
8325
8331
8333
8334
8335
8337
8339
8341
8344
8345
8346
8349
8352
8353
8354
8355
8358
8359
8364
8365
8367
8369
8372
8373
8374
8376
8378
8379
8381
8382
8383
8384
8385
8390
8392
8395
8397
8398
8400
8401
8403
8407
8408
8409
8411
8413
8415
8417
8418
8420
8421
8422
8425
8428
8432
8433
8434
8435
8436
8437
8440
8442
8445
8448
8453
8454
8456
8457
8461
8462
8464
8466
8467
8469
8470
8472
8474
8476
8478
8479
8481
8483
8484
8485
8486
8487
8488
8489
8491
8493
8494
8495
8497
8498
8501
8504
8505
8506
8508
8510
8511
8512
8513
8516
8518
8521
8522
8524
8525
8526
8527
8528
8530
8531
8533
8534
8536
8539
8541
8542
8546
8547
8553
8556
8557
8558
8560
8562
8566
8568
8569
8570
8571
8572
8574
8576
8578
8580
8581
8583
8585
8588
8589
8590
8591
8593
8595
8596
8597
8598
8600
8601
8602
8604
8606
8608
8610
8613
8615
8616
8618
8619
8620
8623
8625
8626
8628
8629
8631
8632
8633
8634
8636
8640
8641
8643
8645
8646
8647
8648
8651
8652
8653
8655
8656
8659
8662
8663
8664
8665
8667
8668
8673
8675
8677
8681
8682
8684
8685
8686
8690
8691
8692
8698
8699
8700
8701
8702
8703
8704
8706
8707
8708
8710
8711
8714
8716
8719
8720
8721
8723
8725
8726
8731
8733
8734
8736
8737
8744
8746
8747
8751
8752
8753
8755
8758
8759
8760
8763
8766
8767
8770
8771
8773
8774
8775
8779
8782
8783
8785
8788
8789
8790
8792
8794
8797
8799
8801
8802
8804
8810
8811
8815
8816
8817
8818
8820
8822
8823
8825
8828
8829
8835
8836
8839
8841
8842
8844
8845
8846
8847
8848
8850
8852
8855
8858
8861
8863
8864
8865
8868
8871
8873
8874
8876
8879
8880
8881
8883
8884
8889
8891
8896
8898
8900
8906
8908
8914
8918
8919
8922
8924
8928
8929
8931
8932
8935
8937
8940
8941
8943
8948
8949
8950
8952
8958
8962
8966
8970
8972
8977
8980
8982
8983
8985
8986
8988
8989
8992
8994
8999
9000
9001
9003
9008
9010
9014
9019
9021
9030
9032
9035
9036
9037
9041
9043
9046
9048
9053
9056
9057
9062
9063
9064
9070
9073
9074
9079
9080
9082
9093
9095
9098
9101
9102
9103
9110
9117
9120
9124
9131
9136
9137
9139
9140
9141
9143
9144
9145
9146
9148
9150
9152
9153
9155
9156
9157
9158
9159
9160
9161
9162
9163
9164
9165
9168
9170
9172
9173
9174
9176
9178
9180
9182
9184
9185
9187
9188
9189
9191
9193
9195
9197
9200
9201
9203
9204
9206
9207
9208
9209
9211
9212
9213
9214
9215
9216
9218
9220
9222
9224
9225
9226
9228
9229
9230
9231
9232
9233
9234
9236
9238
9240
9241
9242
9244
9246
9248
9250
9251
9253
9255
9257
9261
9263
9264
9265
9266
9268
9270
9272
9274
9276
9277
9279
9281
9282
9283
9284
9286
9288
9290
9292
9294
9296
9298
9300
9302
9305
9307
9309
9310
9313
9314
9315
9317
9319
9321
9323
9326
9327
9328
9330
9333
9334
9335
9336
9338
9342
9344
9346
9348
9350
9352
9354
9356
9358
9361
9362
9365
9366
9367
9368
9369
9371
9373
9374
9376
9378
9379
9381
9383
9385
9387
9389
9390
9391
9392
9394
9395
9396
9397
9398
9399
9401
9403
9404
9406
9407
9409
9411
9412
9414
9415
9417
9419
9420
9421
9422
9424
9425
9427
9428
9430
9431
9433
9434
9436
9438
9439
9441
9444
9445
9446
9448
9451
9452
9453
9454
9455
9457
9458
9459
9460
9461
9463
9464
9466
9467
9468
9469
9470
9472
9473
9475
9479
9481
9482
9483
9485
9489
9491
9492
9495
9496
9497
9498
9499
9501
9502
9504
9506
9508
9509
9510
9512
9513
9515
9517
9519
9520
9521
9524
9525
9526
9528
9529
9531
9532
9533
9535
9536
9537
9540
9541
9542
9544
9545
9546
9548
9549
9551
9553
9554
9555
9558
9560
9563
9564
9565
9567
9568
9569
9571
9572
9574
9576
9577
9579
9580
9581
9582
9583
9585
9587
9590
9593
9596
9598
9599
9600
9602
9603
9604
9605
9608
9609
9610
9611
9612
9614
9617
9618
9620
9621
9622
9623
9625
9626
9627
9629
9630
9631
9632
9634
9635
9636
9638
9639
9640
9645
9647
9650
9652
9655
9656
9657
9660
9664
9666
9668
9669
9670
9671
9672
9673
9675
9677
9678
9680
9681
9683
9688
9689
9690
9691
9694
9695
9696
9700
9702
9703
9705
9706
9709
9710
9713
9714
9716
9717
9719
9720
9723
9724
9726
9728
9729
9730
9734
9736
9738
9739
9742
9743
9744
9746
9747
9748
9750
9753
9756
9757
9758
9759
9760
9761
9763
9767
9769
9772
9773
9775
9776
9777
9779
9782
9785
9786
9787
9789
9790
9792
9793
9795
9796
9798
9799
9801
9802
9805
9808
9810
9811
9812
9815
9817
9819
9820
9822
9824
9825
9826
9827
9829
9830
9832
9835
9836
9837
9839
9843
9845
9848
9850
9852
9853
9856
9857
9858
9859
9860
9863
9864
9866
9867
9871
9876
9877
9878
9880
9883
9884
9886
9888
9889
9891
9893
9894
9895
9897
9898
9899
9901
9904
9905
9908
9911
9912
9915
9916
9917
9918
9921
9923
9925
9926
9927
9929
9930
9931
9933
9934
9935
9938
9939
9940
9942
9944
9946
9949
1549
2417
2581
2721
3058
3145
3254
3325
3948
4156
4216
4526
4541
4723
4845
5212
5624
5644
5790
5978
6087
6159
6267
6285
6358
6381
6526
6637
6652
6755
6996
7337
7390
7490
7573
8000
8055
8121
8179
8225
8253
8271
8330
8371
8447
8451
8552
8611
8669
8676
8765
8781
8887
8907
8925
8955
8957
8967
8974
9002
9005
9023
9034
9039
9047
9054
9089
9293
24
41
52
56
79
83
90
93
96
118
121
124
128
131
139
156
164
168
178
180
198
202
224
243
250
253
263
275
279
290
302
305
309
315
319
325
343
358
373
377
381
388
392
396
400
410
414
418
421
427
439
441
450
453
473
485
490
498
504
511
514
521
526
530
551
555
558
586
594
598
603
611
615
619
626
632
645
649
659
662
676
684
688
706
712
720
724
727
731
739
747
750
757
762
772
777
781
784
788
796
799
805
813
816
832
835
843
847
855
865
871
875
877
888
894
897
901
915
918
921
925
933
941
945
953
969
972
975
979
983
993
996
998
1002
1004
1011
1015
1022
1034
1044
1054
1056
1060
1064
1068
1072
1078
1081
1084
1090
1100
1104
1106
1110
1126
1128
1131
1141
1145
1164
1167
1173
1176
1180
1190
1194
1197
1204
1207
1210
1227
1234
1243
1246
1249
1256
1260
1266
1270
1277
1281
1285
1293
1305
1309
1312
1315
1318
1323
1325
1328
1337
1341
1365
1367
1370
1380
1384
1388
1391
1394
1397
1413
1417
1420
1423
1427
1430
1435
1441
1444
1451
1463
1468
1484
1488
1492
1496
1503
1506
1514
1520
1524
1528
1532
1546
1552
1554
1573
1577
1580
1583
1590
1596
1601
1605
1606
1613
1627
1630
1634
1638
1639
1642
1650
1661
1670
1674
1677
1690
1697
1700
1702
1713
1721
1724
1739
1742
1746
1750
1754
1769
1772
1775
1782
1790
1794
1796
1800
1804
1816
1827
1840
1844
1847
1854
1857
1867
1870
1877
1879
1888
1891
1895
1896
1899
1903
1909
1912
1915
1923
1927
1931
1935
1938
1939
1949
1955
1958
1976
1979
1982
1997
2011
2024
2037
2041
2046
2048
2053
2063
2066
2072
2075
2090
2093
2118
2134
2137
2141
2143
2146
2156
2159
2162
2165
2168
2172
2175
2179
2183
2190
2204
2206
2209
2212
2216
2219
2224
2231
2236
2243
2247
2256
2258
2269
2273
2277
2303
2307
2319
2321
2343
2345
2348
2352
2357
2361
2374
2378
2381
2390
2398
2402
2420
2426
2438
2442
2448
2468
2477
2481
2483
2484
2488
2491
2494
2500
2508
2512
2515
2518
2520
2521
2529
2533
2537
2542
2548
2550
2553
2562
2564
2571
2574
2576
2590
2603
2607
2617
2619
2631
2638
2644
2648
2651
2654
2657
2661
2663
2667
2670
2673
2676
2678
2680
2691
2695
2698
2705
2713
2729
2733
2735
2738
2740
2743
2779
2785
2793
2820
2822
2826
2829
2833
2835
2846
2860
2861
2867
2869
2874
2877
2881
2889
2897
2902
2905
2913
2919
2924
2927
2931
2934
2937
2945
2952
2955
2960
2966
2970
2983
3010
3016
3021
3028
3030
3034
3038
3041
3047
3050
3061
3064
3069
3073
3080
3086
3089
3091
3094
3101
3118
3124
3127
3129
3148
3153
3156
3163
3173
3186
3189
3195
3200
3204
3208
3214
3216
3222
3226
3229
3230
3233
3236
3238
3241
3245
3251
3256
3259
3262
3265
3269
3271
3274
3279
3281
3292
3298
3300
3305
3308
3311
3315
3329
3335
3338
3340
3342
3352
3362
3365
3371
3379
3381
3383
3389
3391
3393
3395
3398
3405
3408
3414
3421
3435
3442
3456
3462
3465
3471
3474
3489
3492
3494
3498
3504
3506
3517
3521
3523
3535
3536
3554
3561
3564
3574
3578
3582
3585
3588
3597
3601
3604
3608
3611
3615
3616
3619
3622
3624
3626
3629
3634
3638
3647
3654
3657
3666
3669
3675
3681
3684
3687
3690
3695
3700
3704
3707
3710
3713
3728
3731
3735
3740
3747
3752
3764
3771
3776
3778
3780
3791
3795
3798
3809
3811
3813
3819
3829
3832
3834
3838
3843
3848
3857
3860
3863
3866
3868
3871
3878
3885
3893
3895
3897
3902
3905
3907
3911
3914
3917
3920
3923
3927
3930
3934
3938
3942
3951
3961
3964
3966
3968
3972
3974
3981
3984
3991
3995
3998
4002
4013
4016
4025
4027
4031
4041
4044
4047
4053
4056
4059
4061
4064
4067
4072
4084
4090
4094
4096
4099
4102
4105
4107
4116
4119
4121
4123
4130
4140
4144
4145
4148
4152
4154
4161
4164
4170
4180
4184
4193
4204
4210
4212
4219
4222
4224
4226
4232
4240
4243
4251
4254
4257
4263
4266
4268
4270
4276
4283
4286
4296
4299
4303
4305
4308
4313
4319
4322
4328
4331
4334
4336
4338
4347
4349
4356
4360
4362
4364
4367
4370
4376
4385
4393
4396
4398
4410
4411
4415
4418
4427
4432
4435
4438
4444
4450
4453
4456
4464
4470
4472
4477
4484
4493
4500
4508
4514
4518
4531
4534
4538
4545
4554
4557
4565
4571
4577
4579
4583
4586
4589
4591
4593
4597
4599
4602
4607
4609
4612
4620
4624
4630
4632
4634
4643
4647
4650
4652
4654
4660
4662
4665
4672
4676
4683
4687
4690
4695
4704
4706
4719
4721
4725
4729
4739
4742
4749
4752
4756
4758
4760
4763
4766
4769
4772
4776
4784
4788
4791
4794
4796
4801
4804
4807
4810
4817
4823
4825
4828
4831
4835
4838
4842
4848
4864
4866
4868
4873
4878
4882
4885
4888
4892
4901
4904
4906
4909
4915
4921
4923
4926
4931
4932
4935
4938
4942
4945
4952
4955
4964
4966
4968
4971
4974
4976
4980
4983
4986
4989
4992
4995
4997
5003
5011
5017
5019
5023
5025
5027
5030
5032
5041
5049
5052
5057
5060
5066
5070
5077
5082
5091
5097
5100
5110
5129
5133
5135
5141
5143
5151
5155
5158
5162
5165
5167
5168
5170
5177
5180
5182
5187
5190
5192
5194
5197
5200
5203
5205
5208
5210
5216
5220
5225
5236
5238
5240
5243
5246
5251
5256
5259
5267
5270
5273
5277
5279
5281
5283
5289
5297
5299
5302
5309
5313
5318
5322
5324
5331
5335
5340
5355
5358
5360
5361
5363
5366
5369
5373
5383
5386
5388
5393
5396
5399
5402
5405
5409
5412
5417
5419
5423
5426
5430
5432
5435
5440
5445
5454
5456
5459
5462
5469
5470
5476
5478
5481
5484
5488
5491
5497
5499
5502
5504
5507
5508
5511
5513
5520
5534
5540
5544
5545
5547
5551
5555
5559
5562
5564
5565
5572
5576
5578
5582
5585
5588
5590
5596
5601
5607
5612
5614
5618
5627
5634
5636
5640
5650
5652
5654
5655
5658
5662
5665
5667
5669
5672
5679
5686
5689
5691
5693
5700
5706
5709
5711
5714
5719
5730
5736
5738
5742
5744
5745
5752
5754
5756
5761
5764
5769
5779
5792
5795
5797
5803
5807
5816
5818
5822
5824
5826
5828
5830
5834
5836
5839
5841
5843
5847
5849
5851
5852
5854
5862
5870
5873
5879
5881
5885
5888
5889
5894
5898
5900
5902
5906
5913
5916
5919
5920
5922
5925
5927
5930
5934
5936
5940
5942
5949
5952
5955
5958
5960
5963
5964
5967
5972
5975
5979
5981
5986
5988
5992
5993
6010
6011
6014
6016
6026
6027
6031
6034
6045
6048
6051
6063
6064
6066
6072
6080
6084
6093
6096
6098
6107
6109
6111
6113
6117
6138
6141
6143
6148
6149
6152
6154
6157
6164
6168
6174
6176
6178
6182
6184
6188
6189
6192
6194
6196
6199
6201
6204
6209
6211
6214
6216
6218
6225
6228
6229
6235
6238
6243
6246
6249
6255
6260
6262
6268
6271
6273
6281
6283
6292
6294
6296
6311
6315
6335
6339
6346
6347
6349
6351
6353
6354
6362
6365
6369
6370
6372
6374
6376
6378
6383
6386
6389
6391
6393
6397
6400
6404
6406
6412
6417
6419
6422
6423
6425
6426
6428
6431
6437
6439
6440
6443
6446
6448
6449
6454
6457
6460
6463
6467
6475
6478
6480
6486
6500
6503
6508
6509
6513
6516
6517
6520
6530
6532
6536
6544
6546
6548
6550
6557
6562
6565
6567
6568
6571
6575
6578
6580
6582
6584
6587
6589
6596
6599
6601
6604
6605
6609
6611
6613
6617
6621
6624
6629
6630
6631
6634
6643
6648
6650
6654
6655
6657
6659
6661
6664
6665
6666
6671
6674
6676
6681
6684
6686
6687
6689
6693
6696
6699
6705
6708
6711
6713
6717
6721
6722
6725
6728
6731
6732
6735
6737
6739
6742
6746
6751
6752
6758
6761
6765
6768
6775
6777
6778
6783
6790
6792
6798
6804
6807
6810
6821
6823
6825
6828
6830
6833
6836
6838
6845
6850
6854
6857
6861
6863
6864
6866
6868
6869
6875
6877
6884
6897
6899
6903
6905
6906
6915
6918
6920
6924
6929
6931
6932
6937
6938
6941
6944
6946
6948
6951
6954
6955
6957
6960
6965
6966
6968
6970
6974
6977
6981
6986
6991
6993
6998
7002
7008
7014
7016
7022
7026
7028
7032
7034
7036
7039
7045
7049
7053
7057
7059
7060
7067
7069
7071
7076
7078
7080
7084
7088
7091
7092
7096
7099
7101
7103
7106
7109
7111
7113
7114
7118
7121
7123
7129
7137
7138
7139
7141
7143
7146
7148
7152
7153
7159
7165
7168
7175
7177
7182
7189
7194
7196
7198
7200
7205
7211
7216
7224
7226
7232
7235
7241
7249
7251
7254
7259
7260
7262
7263
7269
7272
7274
7275
7276
7280
7282
7284
7285
7287
7289
7292
7293
7295
7299
7300
7303
7314
7317
7318
7319
7321
7323
7328
7329
7332
7334
7345
7346
7348
7351
7353
7355
7360
7366
7373
7380
7386
7388
7392
7394
7399
7404
7408
7409
7413
7416
7422
7424
7426
7429
7432
7435
7438
7440
7442
7444
7447
7450
7454
7460
7462
7465
7466
7468
7469
7471
7472
7475
7482
7485
7487
7493
7497
7499
7501
7502
7504
7508
7509
7512
7514
7517
7519
7522
7523
7525
7528
7530
7533
7534
7539
7540
7541
7543
7547
7550
7552
7555
7557
7559
7561
7568
7570
7576
7577
7579
7581
7582
7584
7586
7589
7590
7592
7593
7595
7599
7600
7604
7606
7609
7613
7615
7624
7625
7628
7629
7631
7649
7653
7656
7658
7660
7668
7669
7670
7678
7680
7687
7689
7695
7699
7701
7702
7705
7708
7711
7716
7718
7726
7731
7734
7740
7743
7745
7750
7751
7756
7759
7761
7764
7767
7768
7770
7773
7780
7784
7787
7790
7792
7794
7797
7798
7801
7802
7803
7808
7810
7814
7819
7821
7825
7829
7830
7832
7837
7839
7843
7844
7846
7850
7851
7852
7854
7856
7859
7863
7864
7865
7866
7867
7871
7873
7877
7879
7883
7884
7885
7888
7889
7892
7894
7897
7900
7901
7902
7905
7907
7908
7912
7915
7918
7919
7922
7930
7933
7936
7937
7939
7942
7946
7948
7950
7953
7956
7958
7970
7974
7978
7981
7982
7984
7989
7992
7996
7997
8001
8004
8007
8009
8010
8012
8018
8021
8025
8027
8028
8029
8030
8035
8038
8039
8042
8047
8053
8059
8062
8063
8066
8068
8070
8072
8073
8074
8078
8080
8087
8089
8091
8092
8095
8097
8101
8103
8105
8107
8109
8110
8114
8119
8122
8124
8125
8126
8127
8128
8135
8138
8139
8143
8144
8145
8146
8148
8150
8153
8154
8156
8161
8162
8164
8165
8168
8169
8172
8173
8174
8175
8177
8185
8186
8188
8197
8200
8202
8204
8205
8207
8209
8211
8212
8213
8215
8219
8228
8230
8231
8234
8236
8237
8240
8242
8243
8245
8246
8252
8257
8259
8261
8263
8265
8267
8270
8272
8274
8275
8278
8280
8281
8284
8285
8287
8289
8292
8294
8296
8299
8300
8302
8304
8305
8307
8309
8313
8315
8317
8318
8320
8322
8324
8326
8327
8328
8329
8332
8336
8338
8340
8342
8343
8347
8348
8350
8351
8356
8357
8360
8361
8362
8363
8366
8368
8370
8375
8377
8380
8386
8387
8388
8389
8391
8393
8394
8396
8399
8402
8404
8405
8406
8410
8412
8414
8416
8419
8423
8424
8426
8427
8429
8430
8431
8438
8439
8441
8443
8444
8446
8449
8450
8452
8455
8458
8459
8460
8463
8465
8468
8471
8473
8475
8477
8480
8482
8490
8492
8496
8499
8500
8502
8503
8507
8509
8514
8515
8517
8519
8520
8523
8529
8532
8535
8537
8538
8540
8543
8544
8545
8548
8549
8550
8551
8554
8555
8559
8561
8563
8564
8565
8567
8573
8575
8577
8579
8582
8584
8586
8587
8592
8594
8599
8603
8605
8607
8609
8612
8614
8617
8621
8622
8624
8627
8630
8635
8637
8638
8639
8642
8644
8649
8650
8654
8657
8658
8660
8661
8666
8670
8671
8672
8674
8678
8679
8680
8683
8687
8688
8689
8693
8694
8695
8696
8697
8705
8709
8712
8713
8715
8717
8718
8722
8724
8727
8728
8729
8730
8732
8735
8738
8739
8740
8741
8742
8743
8745
8748
8749
8750
8754
8756
8757
8761
8762
8764
8768
8769
8772
8776
8777
8778
8780
8784
8786
8787
8791
8793
8795
8796
8798
8800
8803
8805
8806
8807
8808
8809
8812
8813
8814
8819
8821
8824
8826
8827
8830
8831
8832
8833
8834
8837
8838
8840
8843
8849
8851
8853
8854
8856
8857
8859
8860
8862
8866
8867
8869
8870
8872
8875
8877
8878
8882
8885
8886
8888
8890
8892
8893
8894
8895
8897
8899
8901
8902
8903
8904
8905
8909
8910
8911
8912
8913
8915
8916
8917
8920
8921
8923
8926
8927
8930
8933
8934
8936
8938
8939
8942
8944
8945
8946
8947
8951
8953
8954
8956
8959
8960
8961
8963
8964
8965
8968
8969
8971
8973
8975
8976
8978
8979
8981
8984
8987
8990
8991
8993
8995
8996
8997
8998
9004
9006
9007
9009
9011
9012
9013
9015
9016
9017
9018
9020
9022
9024
9025
9026
9027
9028
9029
9031
9033
9038
9040
9042
9044
9045
9049
9050
9051
9052
9055
9058
9059
9060
9061
9065
9066
9067
9068
9069
9071
9072
9075
9076
9077
9078
9081
9083
9084
9085
9086
9087
9088
9090
9091
9092
9094
9096
9097
9099
9100
9104
9105
9106
9107
9108
9109
9111
9112
9113
9114
9115
9116
9118
9119
9121
9122
9123
9125
9126
9127
9128
9129
9130
9132
9133
9134
9135
9138
9142
9147
9149
9151
9154
9166
9167
9169
9171
9175
9177
9179
9181
9183
9186
9190
9192
9194
9196
9198
9199
9202
9205
9210
9217
9219
9221
9223
9227
9235
9237
9239
9243
9245
9247
9249
9252
9254
9256
9258
9259
9260
9262
9267
9269
9271
9273
9275
9278
9280
9285
9287
9289
9291
9295
9297
9299
9301
9303
9304
9306
9308
9311
9312
9316
9318
9320
9322
9324
9325
9329
9331
9332
9337
9339
9340
9341
9343
9345
9347
9349
9351
9353
9355
9357
9359
9360
9363
9364
9370
9372
9375
9377
9380
9382
9384
9386
9388
9393
9400
9402
9405
9408
9410
9413
9416
9418
9423
9426
9429
9432
9435
9437
9440
9442
9443
9447
9449
9450
9456
9462
9465
9471
9474
9476
9477
9478
9480
9484
9486
9487
9488
9490
9493
9494
9500
9503
9505
9507
9511
9514
9516
9518
9522
9523
9527
9530
9534
9538
9539
9543
9547
9550
9552
9556
9557
9559
9561
9562
9566
9570
9573
9575
9578
9584
9586
9588
9589
9591
9592
9594
9595
9597
9601
9606
9607
9613
9615
9616
9619
9624
9628
9633
9637
9641
9642
9643
9644
9646
9648
9649
9651
9653
9654
9658
9659
9661
9662
9663
9665
9667
9674
9676
9679
9682
9684
9685
9686
9687
9692
9693
9697
9698
9699
9701
9704
9707
9708
9711
9712
9715
9718
9721
9722
9725
9727
9731
9732
9733
9735
9737
9740
9741
9745
9749
9751
9752
9754
9755
9762
9764
9765
9766
9768
9770
9771
9774
9778
9780
9781
9783
9784
9788
9791
9794
9797
9800
9803
9804
9806
9807
9809
9813
9814
9816
9818
9821
9823
9828
9831
9833
9834
9838
9840
9841
9842
9844
9846
9847
9849
9851
9854
9855
9861
9862
9865
9868
9869
9870
9872
9873
9874
9875
9879
9881
9882
9885
9887
9890
9892
9896
9900
9902
9903
9906
9907
9909
9910
9913
9914
9919
9920
9922
9924
9928
9932
9936
9937
9941
9943
9945
9947
9948
9950
9951
)


// ************************************************************************* //
