/*--------------------------------*- C++ -*----------------------------------*\
| =========                 |                                                 |
| \\      /  F ield         | OpenFOAM: The Open Source CFD Toolbox           |
|  \\    /   O peration     | Version:  2412                                  |
|   \\  /    A nd           | Website:  www.openfoam.com                      |
|    \\/     M anipulation  |                                                 |
\*---------------------------------------------------------------------------*/
FoamFile
{
    version     2.0;
    format      ascii;
    arch        "LSB;label=32;scalar=64";
    note        "nPoints:1447  nCells:4309  nFaces:9951  nInternalFaces:7285";
    class       labelList;
    location    "constant/board/polyMesh";
    object      neighbour;
}
// * * * * * * * * * * * * * * * * * * * * * * * * * * * * * * * * * * * * * //


7285
(
34
85
991
3902
36
1282
3906
4300
1826
1922
3907
4255
31
71
1334
3273
8
26
731
3905
155
1712
3931
7
8
26
1213
91
252
413
24
413
12
161
2742
4238
2487
3046
4278
96
900
2780
3912
314
3918
4237
3881
3902
4266
60
208
388
20
29
487
4236
42
295
2461
4019
139
549
3231
3984
25
102
4243
4257
23
395
444
498
3919
4237
898
3998
4001
32
289
840
2949
575
3933
1213
4093
371
1135
230
4270
28
146
473
584
386
4064
4126
88
188
386
33
1498
3950
3952
1042
2080
2698
112
420
1606
2284
1083
1285
119
887
1953
48
4299
92
198
1050
1817
39
61
352
402
4259
4269
41
50
4255
4299
47
3907
4300
2767
3972
4018
127
3955
4254
290
1485
3772
4060
183
905
2529
313
451
490
50
51
466
3683
3825
4254
3793
3819
4039
1136
203
703
4225
53
63
4043
4044
57
58
4042
118
1798
2528
3962
114
2501
2632
2387
4007
4271
1133
4043
4091
63
3390
4092
87
446
1931
4275
73
136
294
912
2516
4282
520
820
3691
4286
342
139
356
2660
4262
72
756
1692
1712
264
547
825
2423
68
69
117
4247
1230
1850
3988
4086
4241
142
312
609
853
4277
80
256
403
158
181
4076
461
478
4007
148
410
1854
4070
553
875
1614
4295
108
1879
4035
478
3772
4004
141
301
1002
4013
225
2564
4289
538
1450
4248
148
179
1854
4104
171
739
920
4305
217
851
4127
2285
3880
463
469
720
125
263
1945
3919
4126
846
4071
4104
91
1213
4025
4118
327
951
986
3031
184
1012
4045
4047
284
488
630
2378
302
2409
3947
4209
3966
4279
98
980
3934
4240
2363
4166
4239
229
405
483
1957
311
448
3205
297
527
2379
4061
4210
4227
4244
162
180
567
1339
280
1555
3687
521
767
4168
358
732
2741
405
3975
3987
4276
576
4033
223
2025
4078
3937
4259
4282
223
4077
4079
289
1698
2718
123
124
2677
2689
1339
3973
273
464
1719
238
2678
4304
1386
2926
177
1493
3460
1924
2282
123
124
1284
3233
333
367
3888
3995
246
905
1969
3049
484
3911
3779
4003
4004
704
4009
4295
1389
3826
486
833
2120
2691
145
295
1003
3870
319
1075
2716
3497
363
1799
1817
2813
193
238
969
137
139
2660
3984
137
139
3231
3681
163
785
1404
181
189
202
3047
2423
2588
3806
3989
143
2765
4269
751
858
4012
2158
2261
1042
2204
2698
151
306
4182
934
3453
149
231
4126
865
1307
3979
305
4084
151
1383
345
683
1018
473
976
959
1644
3543
4112
339
1023
1798
1904
170
1154
1621
2802
363
3116
3923
236
911
3703
425
1223
2393
159
3926
181
219
458
239
3582
4066
4131
882
4236
4237
170
1206
3976
658
1421
1753
178
214
306
330
303
434
1403
3742
363
1050
3116
406
409
862
2097
991
4025
4026
3844
3972
4202
180
201
392
1103
187
215
588
4213
464
708
2437
511
1325
2930
200
562
1986
234
1828
4173
4213
1190
3965
412
3953
4264
321
1294
348
1154
4073
467
1015
2102
3306
360
419
768
193
969
246
390
901
649
667
2221
4144
944
997
3141
199
3770
358
3246
274
776
869
1132
712
1219
1502
1954
197
203
3909
4225
618
556
2672
3930
4204
249
526
2701
223
2025
3942
218
4222
4223
240
344
1232
386
1066
3886
564
915
2497
423
1206
1583
219
4251
218
3230
1031
1427
4260
1090
2987
3978
3981
2220
3155
4260
392
507
551
250
4251
591
1375
2263
627
778
1344
3805
1758
2737
4161
876
4122
4164
4212
447
755
4248
338
4303
401
997
1730
295
470
4098
864
1568
4040
703
496
3924
1462
2654
3921
4178
370
736
2018
279
285
316
510
547
2464
3992
256
4288
254
575
3933
302
1224
1915
2409
330
4074
4182
3952
3975
252
1170
1227
3917
3920
364
891
1669
1775
1511
2519
4043
401
2506
721
1055
2158
2655
328
622
1158
459
1792
2094
2390
261
299
1832
2204
1799
1817
758
1835
2461
3972
535
700
1060
490
559
810
1053
3435
3650
4218
538
1450
3942
617
662
258
2954
4133
4214
678
1020
2181
673
2276
3346
388
4149
2705
4108
4295
3048
946
1362
2687
3352
340
1606
4010
504
626
2699
1712
4129
265
1712
4287
782
1928
692
859
1935
356
412
534
549
336
554
4085
287
389
510
3723
3779
4256
3934
3992
820
1692
272
3692
4245
272
406
1316
4227
286
1996
4048
365
679
998
3851
364
1861
3819
451
793
2737
525
862
668
2764
3145
760
1771
318
2751
4080
4215
786
877
1454
2865
683
876
1345
4212
350
351
4078
304
1132
429
1212
480
4013
4014
552
2949
3586
619
2734
4161
4162
697
715
4211
287
623
900
2712
3722
414
496
2637
938
400
1787
3777
399
950
2073
302
986
1232
426
634
1001
1219
358
2741
2767
819
944
1983
2216
2199
3721
4058
782
1928
4216
336
385
4308
671
1274
1314
3121
1371
4014
2518
475
567
2706
316
417
3708
321
327
976
3720
4112
4138
354
807
3205
483
1957
3888
585
2711
3804
800
1476
1501
1029
3996
472
3959
4103
4105
411
877
1693
1873
2666
572
3481
4107
4121
910
3941
3942
694
958
597
971
1390
685
2429
2705
4168
384
646
1005
3121
366
1121
3256
3455
446
2676
3916
4257
577
1915
2409
4101
774
3702
424
893
1179
3714
412
460
1090
1681
3154
834
2513
3925
337
340
4010
357
374
527
4160
573
1426
2740
2876
433
457
1446
1957
3952
3982
4264
1190
2067
570
2284
361
693
2111
362
2519
404
929
2746
1050
1301
3946
416
2324
4274
499
629
648
603
2075
2774
423
475
561
1350
2322
2837
553
4011
553
704
912
3938
568
1971
2905
3164
448
1625
2866
397
679
2243
3853
2323
3985
454
1337
4157
852
2117
2242
4146
708
1472
1209
2496
3562
1016
1081
4185
4129
2487
3853
3997
826
1051
570
3901
4235
756
1799
3931
3763
3764
4030
1086
2452
3011
571
4245
570
3933
4233
1028
1149
1355
2150
454
4061
1229
1914
3841
1231
2527
4043
1855
2860
3365
3568
532
625
3955
613
3695
4078
4081
383
3811
3960
4120
487
1800
3796
860
2779
3696
1850
3988
1387
3776
433
618
584
584
3920
4238
3926
1406
3756
617
1473
2700
491
935
2343
3299
476
1587
2589
3998
614
967
1651
2176
457
1188
4085
766
1558
3556
3727
534
598
3240
1766
3079
3470
4171
452
536
3749
461
478
4176
2255
2765
756
2813
3408
506
1226
3743
422
4279
4210
487
1926
4236
755
3079
4221
3880
3881
767
4067
786
1229
861
624
685
791
834
1531
427
746
972
1649
443
683
1187
2727
3709
494
801
2036
637
2437
840
2297
2387
4257
4271
1489
4246
481
3413
3716
3785
971
1605
2232
1569
2802
557
1979
446
4244
4256
4257
663
1028
609
1385
2261
2302
1278
2498
2799
4204
1553
2125
3770
1433
4049
567
2784
628
878
1008
3749
799
1342
1842
3003
530
904
2196
3456
740
1469
2381
594
621
2879
483
1495
4281
528
779
2334
452
814
838
3084
4125
4212
2678
4304
653
990
1062
1902
3746
1022
4170
1240
1338
672
1487
1609
455
1836
2223
548
559
633
3162
4073
4076
573
1682
956
1707
3385
1010
1480
1541
3268
498
4306
496
2492
1677
2657
549
1283
4006
531
1302
2752
3200
1335
2620
3632
654
1967
1413
1623
2066
2217
1136
3618
4300
1384
2404
962
1636
3251
3581
4032
3162
3453
509
761
1441
2328
490
3811
4064
4182
616
1634
3260
481
4124
1103
4216
737
1820
3957
648
1433
2482
3488
516
4015
1403
4139
497
711
1006
3785
1806
2689
3233
4230
4002
4031
4032
2155
2632
3795
777
3154
631
1165
3802
879
1019
715
1298
2560
2871
745
1168
2154
669
2100
2942
849
1861
2278
4038
791
1420
2137
4233
4308
502
1433
4306
505
651
2928
544
4109
4130
1094
4235
781
919
2617
2632
1143
1703
1889
2184
2195
2999
2985
3744
940
4023
4216
957
3725
4031
945
1903
3756
881
2851
3466
1005
1387
2087
3754
724
816
1634
656
1870
2422
3086
1914
2392
3841
2147
4014
799
941
1623
3003
611
1448
2665
2768
812
1173
2015
3429
865
1307
1057
4069
1287
2354
3723
1299
1437
1527
586
1091
2352
803
1316
1680
673
3274
3334
713
4157
836
2015
3460
640
856
2672
1038
2983
806
2785
2050
3871
3956
780
1686
3784
2323
2932
1761
2686
3186
814
950
1121
3411
3797
3941
952
2613
4273
1961
2521
3067
795
1255
2346
3165
968
1264
1573
3341
1449
2400
3868
572
590
4265
667
1744
2262
3810
3968
4048
4280
1164
2382
676
3959
4161
3843
596
1424
2774
3653
4022
4305
1141
2724
3314
4049
4050
1058
1641
1745
2006
2873
3217
746
2511
687
787
1150
3763
589
676
1326
1376
2333
1481
1972
564
2633
2797
2403
4164
4301
3064
2938
3844
4185
4302
908
1428
3630
4036
1507
1536
773
977
2171
1135
2097
595
998
3163
800
892
1501
2439
583
1034
3962
951
3945
1067
1192
1581
1769
607
1353
3758
1012
1377
3690
594
621
928
599
738
2747
1188
3995
1668
1784
3655
1236
1662
1677
881
1225
1418
1730
1961
2216
619
4163
595
604
1602
2085
2636
897
2298
2600
3106
1017
1289
2011
3634
3073
3434
679
3237
2075
3706
620
1520
1041
2323
655
2887
3572
734
2210
2466
3462
744
818
3032
3312
1134
1167
3059
3149
3207
3412
679
1041
3851
2012
2323
2660
2932
723
900
2689
1186
2035
4175
622
633
838
948
2229
2692
1381
1738
3232
841
2723
3533
1179
1845
2374
2690
635
1510
4077
752
1858
1412
1517
2688
1497
1949
2684
1830
4047
676
2206
1423
1857
2129
3474
774
878
1132
1308
1771
731
3048
1669
1775
1482
1763
2479
1405
2261
1619
3751
992
1046
1094
4051
4152
4211
2481
3590
3801
1092
1358
2254
3274
878
712
1583
665
1014
3695
888
1300
2021
2192
768
1393
2265
1766
4096
4172
4217
931
1107
1717
3175
1021
2240
3484
988
1416
1674
1077
1123
1742
4098
808
1199
1461
2923
1354
1394
2044
3387
674
1293
1844
1314
3775
733
848
1392
1582
978
4145
652
1509
3062
3112
1876
2184
3351
906
2392
794
3190
708
2764
738
2193
2415
3762
749
1509
3371
1947
2543
887
3117
4154
1032
2026
2042
1274
1617
2201
3506
768
905
2651
2804
2901
3713
3821
3831
3832
3694
3743
4009
920
3377
3685
1988
700
2959
801
1607
1148
1251
1924
947
1419
1365
1552
1554
2854
949
2837
3248
691
1810
1853
3958
1722
3019
3122
1017
1868
3634
710
1174
2106
1203
1363
1705
1097
1272
1351
1477
2722
929
1214
2853
1294
788
1241
1713
2937
759
922
3940
1007
2331
3567
696
2573
3823
775
1518
1770
1995
2536
2994
1622
2322
2837
1209
2098
3522
1075
1192
1910
705
716
4190
4205
1727
1818
3660
1298
1546
3370
735
4013
4065
963
1216
2497
2764
3186
901
1146
1608
1853
1220
1319
1392
2269
4222
3695
725
1356
4148
940
1043
3337
4196
1093
1217
1254
1374
1060
1643
2028
2869
3366
1171
2545
2640
1374
2137
2828
2220
3155
2185
2481
3611
777
3191
725
3957
789
877
1281
1008
1155
1619
2441
720
743
4029
4102
882
2742
2273
3994
765
4106
4110
3912
4230
975
2600
3660
1679
3427
2301
2987
3978
1126
1831
3389
3394
1247
1397
4291
1002
1266
4065
1173
1488
1493
3773
1227
3903
914
3162
3719
811
2037
3526
788
2638
753
817
1086
1492
2805
1738
4190
2319
2460
3685
4021
4165
1198
1262
2964
1225
1418
2021
996
1469
2144
882
957
2670
1700
2002
1069
1943
2191
1475
2783
990
1471
3190
3580
948
1158
1205
1238
906
1792
2094
784
803
4028
913
1068
2445
967
1862
2182
4062
4065
1931
3746
3774
1022
1525
1719
1951
1016
2283
903
3999
869
1455
2214
844
3021
983
1163
1556
1652
1251
1587
2541
1861
2273
2401
4109
4265
2068
3718
1057
1382
1977
3552
3670
1048
1618
3760
842
1218
1348
819
1500
4119
1239
1717
2177
1008
1372
1894
2821
1079
3708
1681
1210
2180
836
1753
3023
1627
2587
3783
1526
3973
4063
839
867
2771
3309
1778
4118
1503
2558
3842
837
922
4030
1917
1454
1830
2719
1305
1514
1715
3559
3897
1706
2057
2596
3398
1851
2238
3555
1062
3328
3497
1052
1694
1124
2503
3774
1118
1343
1560
2087
1243
1796
2900
3622
2081
2208
3039
3641
1056
1539
2845
3646
1249
4027
896
1144
2788
880
1781
2190
3748
1142
1330
2628
3411
3589
850
3637
1184
1409
2312
4136
4294
848
3204
1161
1488
822
1292
1379
1109
870
1061
1160
1435
1902
832
4012
1700
2950
931
4287
1115
2105
2270
2843
1139
2920
3084
1223
1883
2846
907
1098
1577
2229
2302
1121
2908
3798
985
3104
3899
1725
2090
2685
2725
2666
3756
3782
1349
1723
1967
2437
1248
1919
2875
845
955
4062
2155
2627
4095
1466
2131
4040
4274
2528
886
4044
1465
1807
2096
2924
3118
2230
2359
3532
1638
1859
2305
1360
1770
1852
2821
945
1063
2314
858
1266
4175
1854
4069
4070
908
1709
1982
2578
1194
2027
891
899
1112
1199
1550
2534
4122
4125
4128
4283
4284
1832
4056
1436
1991
3513
3753
1271
1311
1464
1021
1494
2508
1011
2436
2732
3705
1002
1186
1622
2889
3028
1492
2805
3697
3885
3953
4074
3692
4027
1187
1544
2324
3808
932
4137
3285
1402
2515
2718
1137
2096
1026
1592
3342
2022
1483
2434
3295
1064
1543
1948
3176
884
1568
4036
1345
1896
2147
2760
1084
1965
2206
2212
4008
4203
4298
1018
2403
935
1332
2907
2553
3747
1407
1335
1048
1352
3354
1524
4137
925
1502
3733
922
3384
4042
898
1148
982
3120
1665
1736
1789
3082
964
2060
3541
943
1861
1968
2849
1845
3786
2140
2442
2973
3499
1046
1417
3889
1320
2604
3298
1743
2685
1224
2499
943
1029
2677
1393
1179
1598
1688
1597
1966
1038
2653
1633
1509
3124
1359
1921
3194
2459
1366
2177
2829
3877
1510
4081
1158
1999
2341
4283
4012
4015
3246
4072
4100
1656
1906
1026
1099
3283
974
1236
1932
2432
944
1107
1983
4141
1447
2632
2691
3490
1198
1594
1595
2454
3999
1628
1629
1725
3227
1013
1413
1726
3206
3504
3508
3732
1235
2555
2966
3159
1126
1895
2211
3457
2138
2394
1226
1599
1577
2180
3805
944
1286
4037
4135
1260
1360
1918
3022
3719
4100
2984
1549
2144
2332
1663
1950
3614
1783
2949
1328
1684
2446
3434
4199
2281
3382
1061
1410
1528
2434
1055
3235
1044
1035
3597
954
2874
1465
1588
1071
1293
3194
3407
1050
2577
2723
2768
1272
1954
2626
1314
1506
3574
4107
4175
1886
2398
1335
1304
3734
2508
2791
4204
1138
1519
1877
1004
1740
2198
3626
1984
2673
2709
2257
2583
3848
2089
2271
3442
1045
1512
2726
1058
1858
2182
3150
3099
2227
2598
4050
1152
1479
1812
2200
1380
1391
1672
3370
3717
1098
1161
1359
3429
1912
3606
1497
1634
1383
3951
1107
2118
2221
4128
1693
1908
2213
2252
4057
4261
1820
1966
3232
3764
1829
1929
3538
1431
3910
1815
2001
2513
2614
1040
1257
1434
1654
1915
1089
1138
2907
3077
3393
1215
1981
2859
3183
1435
1170
4270
2046
3818
996
1166
1542
2023
2081
3382
1410
1530
1557
3339
1549
4141
4110
4265
1683
1731
1839
1097
1290
1523
1009
2410
1835
2461
1576
3198
1343
1082
1324
2146
2187
3524
1569
1643
2663
2493
3247
3156
3704
4054
1849
2066
2556
3744
2164
2762
1474
4202
3158
2131
1195
2424
1868
2894
2989
3041
4217
1977
3056
4219
1030
1710
2365
3621
1200
2381
2970
1960
2139
1373
1847
2653
2053
1055
2175
1378
1837
3688
4150
1044
3790
1185
1234
3189
1493
1930
3964
1362
2993
3515
1486
1642
1701
1113
2219
2551
3509
3576
1558
3556
4191
3780
3899
4034
1087
2407
4023
4198
1063
3789
1484
3465
3499
2046
1538
1689
2817
3136
1881
3759
1449
2969
3867
1191
3829
1255
1786
2575
2919
4189
2222
2252
2317
3478
2273
1801
3224
1854
1612
1177
2020
2507
2652
1472
2480
2720
2538
1420
1690
2463
2569
2669
3846
2913
3769
1579
1833
1371
2223
3218
1479
1782
1691
1783
2566
3586
1721
2329
1414
2473
3325
3699
1151
1157
3969
3971
2098
2103
2111
3074
1581
1590
1603
2186
2874
1310
4099
1580
1958
2424
2981
1909
2022
3516
1735
2360
3292
3491
4019
4302
1618
1699
3716
3620
3904
1752
2126
1130
1601
1732
2316
2467
1334
4131
1637
2478
2483
2597
1499
2944
3379
3285
3979
1454
1662
2719
1516
2157
1348
2474
3900
1120
1295
1630
1175
2340
2761
3129
1529
2588
1559
1802
2139
1559
1755
1888
3132
1291
2122
3059
1270
1590
1757
4024
1122
2327
2675
3546
1253
1491
2251
2960
1117
1604
3297
1156
2598
2682
3341
1651
2176
3084
1322
1711
2725
3307
1411
1519
1724
3321
1768
4039
2531
3052
3864
1208
1313
3638
1513
2016
1280
1747
2681
2893
2133
2357
2505
1487
1714
1204
3857
3879
1308
1771
1973
2162
2540
1963
2347
1128
1816
3362
1259
2420
2650
3030
3128
1229
1873
2104
1228
1303
1390
2962
3813
1463
1811
1446
1489
1923
3940
4042
1976
2122
4210
4299
2968
3181
1317
1411
1292
2353
1254
2531
3863
1470
1554
2533
1302
1848
2688
2146
3824
1320
3234
3527
2400
2442
3293
1473
2197
1815
2441
2614
3018
1224
2518
1780
2456
1231
2527
1172
2847
3968
2612
3328
2021
2192
2435
3061
3973
1815
3729
1525
1955
1172
1312
1565
1447
1621
3976
1483
2594
2650
4234
1233
1468
1718
1431
3546
2697
3922
1200
1228
1211
2119
2315
1535
3443
3820
1785
2191
2959
1306
2112
2353
2922
1285
1174
1697
1321
3464
3460
1406
1660
2395
3445
2040
2449
2792
3761
2078
3652
1828
2091
2241
2422
1319
2269
2346
2898
1296
1572
2071
2314
1288
2541
3736
1269
1523
2215
3211
1508
1728
1214
1585
2321
1268
2722
4306
1257
1434
2740
3381
1798
1879
1646
1948
2908
1833
1887
3821
3827
1439
3185
1332
1580
1724
2919
3377
3556
4194
1978
2110
3255
2386
2961
1211
1542
1382
2226
3308
1566
1705
1823
2903
1279
1369
2995
1351
2109
1588
3847
2784
1221
2051
2988
1925
2136
2279
2332
1341
3728
3751
2739
2797
2901
3687
4266
1234
2115
3207
3438
1906
3847
1348
3863
1714
2070
3733
1809
3489
1863
2328
3021
1469
1697
2144
1791
1834
3998
3120
3280
2115
3048
3279
2970
3801
1664
3812
4293
4044
3949
1772
3081
3110
4296
1269
2512
2657
1395
1821
2636
1565
3848
1741
3877
1476
2886
1917
2582
1400
1940
3072
1673
1911
2140
2561
2797
1949
2271
2384
4188
4259
4268
1632
2109
3986
2303
3133
1680
1778
2796
3417
3739
3741
3724
3998
1584
1821
3696
1276
3188
3786
3526
1871
2008
2566
1426
1884
2009
2145
3078
1400
1825
1852
2679
1417
2164
2404
3528
1594
2381
1521
2325
3342
2141
2167
1288
1938
2996
4062
4130
1422
3286
3375
3738
2035
2445
2591
2029
1685
1894
1467
2320
2880
1529
2707
1447
2645
4094
1419
1503
2182
3834
1491
3220
3588
1545
3267
3315
3518
2113
2791
2108
2586
1494
2061
1693
1830
1969
3618
3908
3231
4303
4229
4253
3620
1533
3141
1399
3075
3379
3849
2428
3158
1477
2215
3335
1840
2074
2743
3144
3648
3166
3675
4088
1844
1973
3166
1616
3021
1865
2232
3814
2783
1867
2963
1929
2311
3116
3923
1412
1316
1368
1816
1882
1910
2488
2318
2406
1517
3151
3980
1399
1864
2055
2451
2686
1722
4018
1323
2880
3791
1321
1558
4192
1925
2049
3115
1432
1814
3193
1499
1877
2766
3487
3673
2218
3206
3727
4193
1459
2222
3760
3792
1420
1699
2320
2453
3239
1575
2554
4273
1564
1998
2368
2774
1825
2246
2372
2655
3235
1848
2633
2651
2230
2504
3921
4220
1411
1935
1972
2322
2350
2570
4055
1926
1356
1396
4150
1398
3163
4156
2546
2886
2501
1804
2466
2772
1344
3730
2081
3329
2095
2979
3218
3752
1631
2286
3591
2019
2128
2870
3284
1638
2032
3300
1481
3248
2056
3857
1881
2072
2830
3364
4121
1822
1938
1555
2456
1398
3179
1704
2309
3016
2157
2603
1641
3363
1461
1773
2427
3637
2451
1781
2108
2190
2045
3113
3832
1470
2235
1575
1808
2753
2018
2093
2452
2477
1680
3801
2586
2823
4063
4196
4214
3752
1518
1570
1776
2371
2668
3786
1602
2615
3418
1611
2562
3717
4052
1541
2493
3373
1651
2822
1520
1605
1679
4148
3056
4187
1811
2102
2316
2692
3929
3994
2476
4087
1640
2062
2940
3445
3838
1589
3825
1391
2572
3814
1809
1563
1587
1938
1584
3134
1398
4160
4260
1752
4136
4158
1630
3722
2076
2420
2253
3364
3758
1514
2369
2406
2784
2796
1562
2543
2302
3805
1600
2851
3216
3280
1803
1933
2174
2584
2189
2595
3336
1701
2674
2752
2604
1596
3698
2056
2109
2205
3852
2728
3108
3223
1748
3061
3466
1610
1685
1947
3023
3479
3737
1756
2744
3573
3448
3707
1493
3773
3964
3965
1682
3688
4205
1982
4274
1739
1964
2233
3525
2646
3794
3868
2230
3532
1956
2111
3562
2727
1471
2600
1640
2775
1878
2287
2812
1667
1695
1812
2027
2703
3483
1441
1903
2179
2615
1970
1443
2308
2507
3269
1505
2641
1620
2388
2941
3244
1590
1757
2186
1498
4010
1526
2359
2592
2914
3361
3944
2059
3089
3236
3254
1457
1841
3006
1959
2000
2114
3613
1696
3028
2031
2052
2336
1980
2184
1751
2141
2695
1711
3478
3519
1774
2256
2449
2792
2345
3910
3932
2072
2450
3787
1797
1939
2833
2920
1531
2614
3288
1690
1939
1567
3081
3827
2964
2807
3106
1761
2529
1987
1511
2519
1762
2017
2790
2056
1972
3625
3673
2391
3143
3247
2728
3108
2971
3425
3030
1512
2057
3721
3777
3780
1505
2517
3269
2235
1930
4263
1957
1891
1893
2532
3397
3359
1700
1907
1806
2977
3672
1884
2145
2380
2943
1818
1606
1923
3561
1717
2077
2013
2626
1753
3150
2272
3229
3302
1701
2079
3258
1971
2952
3095
1591
2189
3654
2556
4080
4206
3398
3784
2270
3213
3584
1518
1946
3092
3796
1765
3738
2112
2674
3559
2897
1756
3201
1960
2843
3840
2028
2160
2808
2029
1548
1626
4111
2682
3043
1621
3228
1878
2596
3317
1530
2480
2626
2624
3585
1702
2366
2832
2449
3175
3369
1654
1704
2589
3126
2007
3616
2817
3302
1890
2162
2622
3546
1670
2905
1801
3353
2537
2810
2827
3621
2381
1690
2908
1709
3809
1882
2460
4052
4211
2004
2209
3355
1578
1644
4138
2119
3522
1937
3662
2080
2370
4268
1609
1691
1946
3796
3586
3376
3686
1658
3114
2169
2667
2068
2937
1609
2095
1739
2957
3113
3463
1574
2558
1853
2265
2536
1718
3412
1994
2800
3075
1596
3828
4017
4125
3366
2008
2369
2105
2258
3840
1616
3269
2167
2629
1694
2490
3101
2768
4273
1740
3039
3641
1921
3806
3301
3630
4036
2083
2933
2929
2720
1659
2482
3818
2802
2565
3432
1875
2853
1934
3380
3455
3387
3024
2277
4149
1685
1728
3277
1713
2582
3570
2149
2443
2916
3129
2649
2649
3869
2207
3763
3764
2043
2690
3528
1678
1813
1697
2964
3755
1688
3714
2337
2041
2079
2958
3241
3778
1791
2100
2569
2197
3142
1990
2201
2294
2267
2333
2006
2015
2334
2047
2707
3857
2429
2705
1890
2524
2878
3080
2643
2988
1990
3402
3715
3728
2121
2755
2802
1844
2281
1906
2922
3847
2088
2546
2113
3643
2814
3890
2405
2906
2090
3310
3075
2882
2895
3172
1752
3852
1687
1805
2213
3578
1671
2305
2807
1913
1984
3164
1674
2168
2471
2169
2170
2233
3754
2275
2295
2434
2786
3643
3666
2310
2484
2631
3294
1991
2775
1827
2126
2205
3852
1755
1987
2579
1672
2986
1715
2193
2318
2736
1658
1890
2142
3008
3094
3815
3026
2479
3324
3807
1986
2688
3151
1880
2619
2911
2714
2878
2551
3817
2106
2354
3723
1901
2721
2948
3347
2432
1822
2351
3174
2104
2960
2167
2306
1970
2615
2918
3418
1746
3190
3328
2306
3803
3219
3235
1689
2709
4146
1729
2471
3281
3765
3766
1796
3502
3536
3223
3391
2225
2620
3859
1720
1744
4144
3192
1708
2098
2103
3216
3276
3191
3721
4058
1985
2313
2826
2349
2408
2294
3610
3891
2529
3130
2043
2316
2242
2320
3402
2965
2475
1746
3352
3600
2214
2336
2889
2084
2515
2362
2779
3339
1916
3184
2563
3836
2769
2166
1878
3431
1836
1925
1813
3522
3088
1837
3057
3678
2139
1859
2194
3315
2110
2647
2703
2178
1772
1998
1955
1754
2673
4183
3065
3248
3563
1963
3010
2032
2265
3592
3678
1849
2955
3664
3824
2385
2896
1762
3633
4140
4174
2237
3757
2450
3715
1759
1794
2467
3011
2028
2786
2962
1767
1950
2161
2167
1866
2841
2975
1820
2045
3265
2178
2326
3262
2260
3044
2090
2298
3664
1754
1758
1858
2275
3580
2411
2991
2164
2338
3889
2679
2716
3734
2183
2830
3214
2227
3428
3676
1965
1760
3810
2197
2438
2821
3363
1760
2238
2280
2915
3555
4162
1864
2014
2511
1889
2971
1966
3216
3232
3970
3030
3326
3375
2152
4094
2351
2360
2460
1775
1790
2107
3450
2054
3313
2345
2514
2058
3175
1819
1847
2824
1959
1997
2330
3477
2909
3590
2097
2285
3880
2478
2489
2903
1812
1943
3600
1871
2133
3297
1897
2092
2037
2580
2412
3771
2304
2485
2543
2133
2702
1819
1826
3793
1883
3192
2775
3542
3830
2619
2915
2608
2835
3874
3208
3249
3797
2416
3923
1926
3859
2532
3397
1888
3480
2307
2840
3748
1912
3012
3640
1908
3130
3887
2771
2980
2077
2333
3185
3540
1995
3142
3473
3788
2853
3264
1956
2143
2846
4242
3031
2573
1922
2487
2656
3002
2319
2166
2455
2211
2440
3036
3128
2408
4222
2039
3152
1870
2530
2596
1895
3604
4066
3138
3491
1872
2782
2863
3967
2445
2591
2798
3187
1995
2124
2702
3082
1958
2424
2826
1899
3712
2231
3098
3599
2662
2911
2607
2730
2875
2219
2226
2250
3365
2292
3509
1986
3000
3406
3812
2262
3677
2054
2494
3308
3552
2001
3034
3731
2572
2595
2744
2235
2031
2453
3466
2934
3834
2051
3346
3130
2224
2884
3042
3435
3684
3317
3384
3419
3143
2143
2856
3193
3271
2415
2369
2718
2680
2846
2252
2035
2237
3757
2315
2457
3264
2151
2928
3605
3649
2416
3147
2288
2923
2961
2450
2360
2143
2856
3595
2026
2974
3790
2223
3221
3266
1998
2069
2197
3823
2153
2256
2465
2757
3165
2153
3657
2008
2952
4167
4212
2154
3022
3454
2137
2523
3176
2074
2957
3113
1951
2041
2609
2585
3452
2107
2042
1920
2528
2794
4016
4020
4239
3151
2508
3543
3656
2317
2599
3709
3491
2358
2803
2296
2466
2289
2397
2960
3188
2589
2877
3210
3401
3462
3599
1944
2679
2396
3096
3140
2806
3023
2073
4278
4297
3950
2264
2620
2121
2411
2733
3244
4199
2530
4020
1945
3745
2296
2579
2148
2634
2711
3256
3378
2502
2156
2503
3745
3869
2534
2858
3097
2541
3798
2076
2936
3564
2086
2433
3152
3335
2064
2426
3203
2686
2200
2391
2156
2249
2967
2128
2870
2773
2616
3260
3511
3043
3145
2041
2092
2186
3454
2282
4001
2828
1967
3300
3074
2279
3467
3839
4213
1968
2034
2375
3636
2882
3090
3958
3153
2013
2958
2213
3135
2590
3028
2151
3087
3102
3351
2247
3239
3516
2371
2601
3608
2293
2794
1993
2539
2986
3052
2231
2999
3593
2610
3458
2324
2024
4117
2905
2253
3757
2576
2700
2010
2221
2024
4140
4141
2095
2773
2549
3602
3845
2132
3549
3579
1999
2500
2583
2712
3969
2761
3004
2004
2590
3338
2462
3032
3767
2342
3311
3767
2547
2054
2953
3735
3429
2824
3139
3820
2294
3167
3595
2117
4184
2470
3058
3997
4034
2375
2471
3863
2357
2505
2783
2871
3633
2950
2082
2335
2078
3156
3105
2848
2935
2974
4143
4081
2935
3063
2752
3159
3504
2134
2389
3198
3641
2888
2997
2116
2629
2292
2824
3139
3401
3383
3594
2134
2942
3368
2172
2196
3131
3456
2126
2992
3424
3415
3762
2179
3063
2404
2319
2747
3525
3831
2745
3528
3040
3413
4139
2239
3103
3799
2060
2789
3219
3873
2701
3479
2419
2997
3545
2150
2804
3215
3001
2993
3130
2530
2178
2256
2326
2181
3530
2089
3638
2630
2681
3041
3495
3837
2135
2260
3250
2696
2972
2713
2925
2931
3178
2288
3056
4082
3969
2286
2368
3624
2474
2801
3645
2507
3704
2750
3750
3140
2859
3207
3659
2177
2267
3496
3566
2874
3043
2729
3273
2848
2304
2867
3458
2897
3138
3605
2297
3005
3521
2635
3134
2163
2215
2194
2776
2866
3249
2946
2335
3458
2609
2458
2835
2602
3506
3213
3584
3692
2312
2339
2608
2738
3275
2253
2872
3350
3788
2746
2251
3571
2357
2553
2720
3578
3275
3038
3091
3648
4116
2330
3338
4009
2161
2536
2221
4142
2809
4117
3264
4095
4096
2991
3710
2444
2694
2839
3642
2258
3554
2130
3482
2203
2407
2750
2830
2304
2218
2898
2872
3349
3769
4127
2539
2891
2306
2239
2492
2637
3044
2237
2591
2763
3083
3451
3474
3687
2227
3803
3206
3816
2640
3405
3836
3752
4301
2584
3193
3271
2355
3029
2489
2361
2627
3079
4217
3110
3263
2391
2617
3882
3326
3659
2979
3323
2687
2842
3282
3597
2234
3560
3813
2629
2994
2188
2268
2433
3097
2175
2273
2401
3993
2995
3675
2478
3009
3107
2624
3612
2624
2715
3090
2177
2267
2562
2188
3646
2439
2440
2771
2190
2634
3275
2278
3996
3407
2263
3750
3158
2407
3337
3531
2228
4067
4070
2405
3567
2845
3131
2744
3186
2646
3267
3645
3461
3566
3386
3311
3535
3771
3777
2612
3402
2209
2522
3355
2425
4022
4186
4277
3335
2648
2348
2473
2601
2440
2790
2347
2547
2296
2638
2855
2648
3424
2888
4143
2911
3003
2879
3489
2374
2531
2244
3598
2232
3534
2642
3627
3360
2236
3180
4059
3922
3304
2982
2393
3463
2884
3814
2305
4069
4169
2279
2262
2737
2389
3800
2714
2759
3171
4173
3939
3237
3240
3520
4156
4157
2386
2454
3782
3883
2291
2446
3072
2621
2899
3290
2383
2582
2748
2343
2618
3056
4075
4219
2469
2313
2552
3334
4186
4188
2587
2883
2357
2702
2383
2748
3493
2347
2522
2979
2636
3581
3724
4002
2831
2891
3215
3549
2809
2567
3211
3526
3661
2684
3169
3422
3512
2855
3358
3457
3194
3407
2639
2918
3825
4089
2401
2512
2567
2604
3298
4002
2461
4019
3952
3983
3647
2818
3390
2911
2890
3111
3674
2586
2823
3103
2526
3489
2877
2860
4219
2517
3286
3295
2564
3660
2397
2648
2734
2611
3012
3119
4153
4211
2423
2396
2671
3333
2584
3562
2641
2652
3026
3374
3437
2819
3531
2646
3212
3856
2410
3243
3704
2623
3598
3100
2351
2457
3189
2843
3045
3661
3397
3532
3533
3135
3065
3137
3173
3609
3244
3836
2418
3150
3171
3284
2502
2635
3236
2762
3672
2410
2414
3733
2395
2916
2516
4128
2749
3032
3015
2550
2892
3199
3000
3406
2465
3711
3828
2417
2834
3545
3673
2865
3192
3024
2800
2664
3492
2823
2995
3316
2838
3181
3441
2504
2377
3037
2880
3760
2464
3992
2485
3289
3523
2603
3182
2877
3270
3509
2463
2731
3066
3653
2729
3422
3444
3820
2462
3034
3219
2500
2547
3395
3817
3205
3589
2818
3019
3122
3102
3527
3558
2525
4053
2412
3771
3669
3865
2423
3929
3989
3168
3599
2616
2946
3592
2608
3875
3781
4256
2578
2755
3170
2657
3035
3022
3210
2863
3073
3083
3440
2940
3637
3014
3054
3251
3324
3807
2902
3077
3247
3361
3855
2431
2493
3077
3752
3310
2515
2594
2650
2499
2663
2559
4060
2447
3399
3502
3607
2510
3732
2542
3469
3962
4083
2708
2917
2978
2496
2545
2640
2435
3060
3326
2951
3195
3410
2610
2750
2811
2841
2611
2735
3014
2910
2940
2470
3800
4203
2906
3053
3567
2483
2597
3373
2576
2858
3486
3794
3037
3558
2731
3447
2849
2980
3700
3686
2858
3029
2550
3327
2879
2574
3536
2710
2788
2945
3527
3600
2458
2888
3105
3884
3075
3166
3009
3376
2623
2555
2966
2755
3161
3267
2513
3925
3447
3990
2778
2898
2662
2568
2577
2592
3359
3519
3571
2756
3635
3010
3019
3357
3651
3608
2763
2490
3165
3629
2926
3739
2950
3312
3874
2861
2917
2978
3802
2605
3391
2819
3501
2867
3202
3069
3380
3830
3793
3518
3734
2976
3027
2581
2557
3005
3100
4073
2506
3668
4173
2733
3053
3567
2840
2883
2825
2873
4115
3117
2814
3976
2889
3545
2649
2568
2654
3778
3308
4267
2512
2966
3011
2608
3257
3864
3211
2900
2910
3005
4285
2643
4154
2859
2956
3289
3439
4174
3007
2763
2801
3513
2622
3386
3370
3765
4054
3072
3540
3564
3940
3465
3698
2807
3296
2916
2606
3042
4080
2757
2778
3451
2732
3705
3038
3057
2845
3353
3416
3369
3761
2581
2554
2577
2592
2768
3747
2892
3636
2695
3380
3804
2749
3033
3500
2816
2951
3052
2603
3268
3621
2800
2613
3257
2606
3259
3408
3498
3834
2733
3078
3167
3093
3319
2973
3064
3396
2829
2699
3587
3835
3118
3521
3535
3768
3402
3097
3662
4180
4220
3066
2819
3861
3013
3045
3342
3570
2962
2684
3442
3013
3399
3529
2580
3101
2579
2613
3088
3132
3148
3603
3202
2814
2630
2721
3041
2942
2814
3934
4234
3494
2644
3256
3287
2978
3305
2976
3517
2625
3252
3711
3035
3070
3371
2986
3052
3420
3534
2667
3133
3612
2959
3145
3332
3438
3253
2716
3497
3321
2627
2984
3092
3860
2662
2930
3239
3131
2739
2862
2740
2876
3381
3504
2691
2866
3797
3405
2683
3631
2901
2738
3254
3615
3002
3250
2937
3132
2854
2894
3623
3025
3544
2820
2944
3849
3050
2711
3383
3655
2869
3228
3470
3091
3185
3540
3054
3362
3123
3433
3127
4181
3034
3323
2935
3696
3606
2785
2850
3579
2904
2912
3062
2969
3107
3625
3329
3336
2761
3129
3609
2753
3533
3104
3068
3127
3608
3039
3845
4103
4237
3025
3433
2759
3505
3204
3416
3533
4271
4275
2780
4280
4085
3735
2746
2985
3074
3078
3258
3195
3410
3282
3222
3049
2745
4094
3928
3993
2781
2987
3400
3169
3238
3069
2904
3070
3928
3929
4268
4277
2861
2719
3737
3255
2919
3490
4305
3742
4124
2828
2834
3388
4183
2732
3558
3971
3227
3553
2857
2917
3196
2897
2933
3209
3321
3484
3221
3266
3304
3146
3296
3547
2973
3784
3104
3625
3575
3409
3463
3612
3201
3261
3539
3505
3253
3475
3100
3572
3066
3802
4076
4105
2990
3096
3817
2769
3013
3570
3245
2754
3042
4201
3876
3944
4177
2947
3137
3799
2810
3403
3507
3529
3536
3114
3930
3218
4015
2777
3306
4186
3060
3794
3867
3870
4099
2887
3126
3861
4055
4132
4195
3036
2982
3012
3593
3176
3513
3829
2892
3476
3464
4193
3474
3432
3911
4276
2844
3093
3191
2985
3430
3123
3200
3305
3336
3684
3685
4194
3367
3115
3425
3541
3128
3394
3643
3263
2865
3124
3192
3842
2806
2864
3006
3098
4139
2891
3177
2885
3689
2903
3753
3441
3502
3607
2831
3329
2870
3670
3281
2869
3470
3560
4119
3629
3680
2975
3787
2818
3651
3498
4129
2968
3837
3895
2892
3658
3229
2938
3862
2836
3860
3099
3144
3148
3665
2885
4208
3299
2956
3707
3413
4273
2850
2927
3866
3017
3249
3476
3434
3537
3257
2907
2944
2984
3331
3622
2951
3238
3747
4307
3106
3222
3340
3472
3718
3969
4048
3697
3241
3123
3549
3276
3170
3198
3254
3626
2989
3036
3601
3201
2878
3347
3484
3552
3587
3809
3180
3802
3430
3008
3087
3094
3183
3428
3596
3776
3319
3482
4112
4204
3140
3409
3318
3237
3349
3481
3591
3064
3396
4201
4207
3199
3320
3016
3164
3338
2991
3656
3530
3440
3647
3245
3875
2930
3427
3548
3058
3393
3639
3125
3371
3227
3343
3611
4101
3495
3622
3125
3443
3616
3520
3886
2969
3009
2961
3662
3135
4218
3024
3055
4179
4180
3024
3406
3146
3569
3343
3595
3417
3270
3644
3865
3496
3566
2946
2981
3592
3276
3588
3595
3843
3853
3450
3099
3148
3833
3038
3182
4092
3076
3111
3492
3609
3088
3835
3103
3588
3866
3367
3539
3161
3617
2983
3449
3314
3494
3001
3315
3518
3582
4066
3548
3816
3577
3706
3409
3594
3305
3384
3390
4042
3691
4289
3015
3482
3309
3514
3487
3362
3442
3541
3014
3096
3667
3322
3435
3788
3177
3464
3968
3994
3330
3638
3462
3386
3488
3191
3050
3051
3059
3443
3667
3617
3029
3404
3598
3082
3174
3379
3486
3085
3127
3456
3550
3548
3559
3063
3445
3477
3503
3087
3351
3250
3372
3485
3109
3243
3299
3374
3572
3071
3345
3288
3700
3071
3679
3792
3068
3031
3177
3215
3152
3437
3245
3245
3277
3119
3156
3496
3858
4113
3471
3399
3909
4226
4272
3231
3984
3233
3286
3479
3143
3268
3334
3167
3343
3674
4178
4181
3182
3557
3673
3486
3303
3635
3261
3668
4173
3133
3544
3428
3542
3203
3446
3791
3537
3404
3674
3391
3347
3386
3657
3448
3224
3325
3646
3332
3762
3587
3158
3170
3196
3564
3859
3340
3234
3302
3604
3168
3259
3833
3234
3782
3239
3223
3563
3395
3891
3226
3338
3303
3401
3915
3385
4209
3510
3203
3640
3356
3506
4302
3841
3667
3387
3325
3535
3346
3229
3937
3316
3292
3303
3369
3469
3480
3603
3314
3472
3160
4082
3278
3459
3216
3957
4155
4160
3214
3291
3294
3508
4075
4083
3630
3666
4072
3179
3348
3485
3421
3552
3196
3426
3316
3675
3614
3187
3359
3553
3242
3189
3331
3659
3289
3188
3210
3220
3373
4059
3551
3658
3388
3322
3367
3790
3327
3483
3523
3368
3507
3548
3260
3450
3293
3465
3441
3354
3531
3991
4208
3266
3866
3808
3352
3580
3699
3911
3912
4230
4250
3263
3313
3415
3366
3512
3618
4224
3974
4228
3530
3422
3575
3885
3330
3290
3348
3427
3482
3471
3639
3585
3505
3290
3318
3516
3550
3593
3483
3579
3508
3517
3374
3271
3353
3876
3311
3500
3576
3344
3360
4267
3501
3737
3602
3332
3438
3628
3620
3903
3663
3423
3547
3480
3839
3670
3691
3383
3411
3589
3372
3577
3354
3468
3679
3511
3499
3855
3631
3375
3340
3594
3583
3341
4037
4138
3421
3616
4220
3671
3515
3547
3360
3893
3524
3664
3768
3875
3459
3665
3538
3348
3423
3633
3327
3394
3382
3583
3731
3385
3425
3642
3584
3778
3495
3514
3433
3475
3862
3544
3423
3365
3568
3446
3476
3658
3350
3520
3481
3436
3703
3419
3538
3663
3431
3891
3467
3601
3613
3365
3376
3454
3481
3583
3603
3648
4052
3436
3585
3490
3380
3804
3561
3709
3426
3604
3642
3417
3879
4247
3557
3636
3890
3783
3610
3569
3981
3485
3815
3424
3492
3669
3521
3501
3575
3459
3447
3602
3846
3628
3876
3623
3999
3430
3744
3604
3440
3537
3534
3610
3651
3767
3652
3671
3701
3498
4176
4267
3512
3935
3551
3573
3647
3452
3576
3644
3578
3707
3669
3719
3830
3494
3628
3475
3550
3652
3672
3892
3759
3792
4213
4072
4073
3569
3480
3554
3894
3571
3493
3625
4049
3529
3613
3845
3838
3894
4162
3816
3569
4289
3605
3649
3837
3598
3574
3676
3553
3629
3680
3824
3591
3623
3615
3789
3776
3565
3597
3631
3678
3839
3677
4163
3563
3635
4171
3614
3617
3656
3666
3668
3654
3596
3680
3632
4134
3611
3624
3655
3676
3775
3893
3654
3640
3661
4071
3649
3626
3913
4228
4229
3822
3632
3736
3679
3850
3639
3669
3754
3653
3671
4192
4193
3698
3970
3799
4267
3810
3982
4262
3683
3906
4278
3954
4297
4165
4218
3687
4190
3930
3932
4051
4052
4054
4290
3983
3950
4246
4249
4253
4011
4077
3697
3699
3701
3702
3703
3703
3705
3707
3709
3711
3712
3713
3713
3832
3715
3716
4045
3727
4114
4115
4061
3723
3726
3850
3726
3850
4001
4002
4189
3729
3730
3731
3731
3733
3735
3849
3850
3738
3740
3742
3741
4087
4123
4090
4113
3744
3774
3914
4244
3748
3750
3751
3754
3756
3781
3758
3760
3762
4047
4045
4047
4049
3768
3770
3795
3780
4261
4242
3776
4005
4006
4007
4003
3782
3784
3786
3788
3790
3792
4223
3796
3798
3800
3804
3806
3808
3809
4184
3812
4294
3814
3816
3818
4038
3822
3828
3831
3824
3963
4149
4252
3828
3830
3834
3836
3838
3840
3842
3984
4018
3846
3848
4046
4265
3878
3921
4178
4179
3856
3868
3858
4090
3860
3862
4196
3864
3866
3868
3884
3967
4097
3872
3873
3924
3963
4252
3896
3925
3875
3877
3915
3991
4090
4241
4028
3884
3898
3884
3899
3886
4074
3888
3889
3901
3900
3891
3893
3894
3895
3895
3897
3924
3925
3899
4003
3901
3904
4270
3905
3905
3908
4272
4225
4272
4226
4223
4224
3915
3921
3987
4249
4250
3916
4227
4242
3943
4243
3918
3919
3920
3928
3931
3927
3927
3961
3943
3943
3948
3936
3937
4258
3938
4269
3939
3939
4283
4200
4215
3991
4215
3946
3947
3949
3949
3991
4178
4207
3953
4064
4187
3956
4089
3956
4297
3963
3960
4136
3960
3963
4089
4149
4000
4033
4035
3971
4281
3972
4281
3974
3999
4030
4253
3980
3981
4286
3979
3980
4151
4290
4303
4026
4262
4264
3988
4241
4291
4246
4253
3990
4232
3996
4010
4046
4020
4068
4261
4005
4007
4275
4006
4159
4295
4296
4296
4298
4013
4068
4166
4036
4040
4274
4302
4263
4024
4307
4023
4307
4197
4197
4028
4266
4027
4028
4031
4032
4035
4046
4040
4039
4059
4067
4108
4050
4053
4054
4056
4131
4066
4132
4068
4166
4157
4159
4061
4106
4198
4074
4071
4084
4098
4082
4078
4080
4215
4219
4101
4104
4087
4090
4093
4104
4092
4206
4185
4118
4096
4217
4099
4100
4099
4118
4103
4105
4109
4110
4159
4168
4114
4135
4138
4123
4139
4116
4116
4119
4136
4291
4294
4130
4175
4127
4124
4187
4284
4134
4133
4195
4199
4214
4137
4143
4144
4146
4183
4145
4147
4147
4284
4150
4190
4153
4155
4153
4155
4209
4158
4205
4260
4169
4163
4167
4305
4307
4301
4169
4203
4172
4177
4172
4231
4176
4231
4248
4220
4181
4184
4202
4277
4193
4192
4194
4218
4196
4214
4198
4216
4201
4221
4231
4206
4208
4231
4248
4225
4226
4243
4230
4249
4234
4239
4235
4240
4306
4238
4240
4263
4247
4245
4250
4292
4252
4255
4297
4259
4268
4269
4263
4270
4278
4279
4280
4281
4283
4285
4285
4288
4290
4288
4290
4292
4293
4294
4298
4300
4308
)


// ************************************************************************* //
