/*--------------------------------*- C++ -*----------------------------------*\
| =========                 |                                                 |
| \\      /  F ield         | OpenFOAM: The Open Source CFD Toolbox           |
|  \\    /   O peration     | Version:  2412                                  |
|   \\  /    A nd           | Website:  www.openfoam.com                      |
|    \\/     M anipulation  |                                                 |
\*---------------------------------------------------------------------------*/
FoamFile
{
    version     2.0;
    format      ascii;
    arch        "LSB;label=32;scalar=64";
    note        "nPoints:114  nCells:336  nFaces:760  nInternalFaces:584";
    class       labelList;
    location    "constant/soc/polyMesh";
    object      neighbour;
}
// * * * * * * * * * * * * * * * * * * * * * * * * * * * * * * * * * * * * * //


584
(
1
5
74
209
79
208
210
3
4
17
91
51
208
253
5
207
208
8
18
214
12
68
220
48
215
40
159
225
31
34
173
98
165
235
25
221
86
112
149
157
43
57
200
211
44
107
203
45
59
186
217
51
94
207
83
216
68
223
285
333
279
301
318
62
158
241
29
128
246
74
79
87
324
32
92
114
101
222
47
82
227
314
48
83
131
272
75
100
199
319
39
247
128
250
297
329
109
231
35
155
40
41
180
110
230
62
182
54
185
288
324
172
226
263
61
134
157
127
249
226
175
226
84
85
137
196
104
202
58
189
267
137
205
117
129
177
252
148
221
315
147
273
118
281
334
66
133
318
210
256
67
104
119
63
64
118
123
87
160
287
308
310
319
70
107
117
111
213
116
269
140
219
61
85
141
84
149
92
73
134
72
132
72
73
113
156
67
120
105
115
139
282
160
233
234
290
71
77
113
76
80
163
116
144
170
325
123
204
77
111
129
97
103
262
213
115
164
136
146
196
248
222
269
219
145
146
93
144
151
126
128
299
168
261
262
283
122
214
301
321
121
243
255
259
112
163
164
243
256
138
180
229
265
122
216
278
236
293
99
236
181
237
141
307
224
282
173
302
321
237
292
111
120
171
120
145
183
113
150
249
307
110
233
234
115
171
116
126
152
155
197
132
195
133
194
140
135
254
320
323
134
148
159
227
131
147
158
329
251
300
300
256
138
166
189
314
161
224
178
278
141
172
242
176
192
330
145
198
228
261
284
145
150
247
310
316
165
311
316
156
157
251
276
317
183
298
306
160
170
169
259
331
175
254
332
230
303
320
169
174
163
182
244
180
229
185
244
275
173
231
232
304
171
167
312
180
317
238
306
313
260
333
335
184
245
327
183
175
264
230
184
299
265
196
205
190
197
332
191
194
303
188
193
334
239
312
245
277
192
330
206
327
205
275
191
200
289
199
240
198
203
198
326
305
201
258
294
335
202
204
334
203
204
239
202
288
205
274
234
288
209
210
212
213
212
213
324
325
216
279
218
279
280
218
219
272
273
280
223
270
222
270
271
281
271
281
229
263
228
229
232
286
291
305
286
291
238
295
237
295
296
240
240
313
296
244
259
243
328
322
245
274
250
308
249
308
250
251
297
309
309
253
256
322
255
255
322
258
283
292
260
334
283
285
333
266
292
264
265
328
326
293
294
335
268
269
314
270
315
271
271
273
275
276
275
277
277
318
323
280
318
285
284
285
284
290
289
290
289
291
291
294
295
296
296
300
330
310
313
319
300
302
323
304
305
323
305
316
309
319
309
311
312
313
315
317
321
332
325
327
328
332
331
331
)


// ************************************************************************* //
