/*--------------------------------*- C++ -*----------------------------------*\
| =========                 |                                                 |
| \\      /  F ield         | OpenFOAM: The Open Source CFD Toolbox           |
|  \\    /   O peration     | Version:  2412                                  |
|   \\  /    A nd           | Website:  www.openfoam.com                      |
|    \\/     M anipulation  |                                                 |
\*---------------------------------------------------------------------------*/
FoamFile
{
    version     2.0;
    format      ascii;
    arch        "LSB;label=32;scalar=64";
    class       vectorField;
    location    "constant/soc/polyMesh";
    object      points;
}
// * * * * * * * * * * * * * * * * * * * * * * * * * * * * * * * * * * * * * //


114
(
(-5 -5 5)
(-5 -5 5.6)
(5 -5 5.6)
(5 -5 5)
(5 5 5.6)
(5 5 5)
(-5 5 5.6)
(-5 5 5)
(-3 -5 5.6)
(-1 -5 5.6)
(1 -5 5.6)
(3 -5 5.6)
(-3 -5 5)
(-1 -5 5)
(1 -5 5)
(3 -5 5)
(5 -3 5.6)
(5 -1 5.6)
(5 0.999999 5.6)
(5 3 5.6)
(5 -3 5)
(5 -1 5)
(5 0.999999 5)
(5 3 5)
(3 5 5.6)
(1 5 5.6)
(-1 5 5.6)
(-3 5 5.6)
(3 5 5)
(1 5 5)
(-1 5 5)
(-3 5 5)
(-5 3 5.6)
(-5 0.999999 5.6)
(-5 -1 5.6)
(-5 -3 5.6)
(-5 3 5)
(-5 0.999999 5)
(-5 -1 5)
(-5 -3 5)
(0 -5.96047e-07 5)
(-2.125 -2.125 5)
(2.125 -2.125 5)
(2.125 2.125 5)
(-2.125 2.125 5)
(-0.103261 -2.96065 5)
(2.96064 -0.103261 5)
(0.103261 2.96064 5)
(-2.96064 0.10326 5)
(-3.35538 -3.35538 5)
(3.35538 -3.35538 5)
(3.35538 3.35538 5)
(-3.35538 3.35538 5)
(-1.31657 -0.696557 5)
(0.755292 -1.16795 5)
(1.17295 0.767928 5)
(-0.753986 1.17002 5)
(-1.91673 -3.68821 5)
(1.87542 -3.68821 5)
(3.6882 -1.91673 5)
(3.6882 1.87542 5)
(1.91673 3.6882 5)
(-1.87542 3.6882 5)
(-3.6882 1.91673 5)
(-3.6882 -1.87542 5)
(0 -5.96047e-07 5.6)
(-2.125 -2.125 5.6)
(2.125 -2.125 5.6)
(2.125 2.125 5.6)
(-2.125 2.125 5.6)
(-0.103261 -2.96065 5.6)
(2.96064 -0.103261 5.6)
(0.103261 2.96064 5.6)
(-2.96064 0.10326 5.6)
(-3.35538 -3.35538 5.6)
(3.35538 -3.35538 5.6)
(3.35538 3.35538 5.6)
(-3.35538 3.35538 5.6)
(-1.31657 -0.696557 5.6)
(0.755292 -1.16795 5.6)
(1.17295 0.767928 5.6)
(-0.753986 1.17002 5.6)
(-1.91673 -3.68821 5.6)
(1.87542 -3.68821 5.6)
(3.6882 -1.91673 5.6)
(3.6882 1.87542 5.6)
(1.91673 3.6882 5.6)
(-1.87542 3.6882 5.6)
(-3.6882 1.91673 5.6)
(-3.6882 -1.87542 5.6)
(0.0659644 4.27383 5.30001)
(-0.943697 4.07173 5.3001)
(-4.13319 -0.506264 5.29993)
(4.1286 -0.537932 5.29994)
(3.98963 3.98797 5.30001)
(-4.02043 3.98646 5.3)
(3.26138 -4.19354 5.29978)
(-3.98981 -3.98836 5.29999)
(-0.578746 -4.13026 5.30005)
(1.05276 4.05707 5.2999)
(4.0738 0.896082 5.29994)
(-4.26513 -2.31675 5.30019)
(-4.05029 0.957924 5.30007)
(4.35454 -1.8933 5.30006)
(-2.83932 4.07617 5.29994)
(4.27764 -3.65584 5.30014)
(-2.33358 -4.26173 5.30019)
(-4.24447 2.36159 5.30003)
(0.859281 -4.06575 5.30006)
(1.9565 -4.35142 5.3)
(4.24545 2.34746 5.29997)
(-1.92213 4.34468 5.30004)
(4.09227 -2.7957 5.29996)
(2.36893 4.24321 5.29998)
)


// ************************************************************************* //
