/*--------------------------------*- C++ -*----------------------------------*\
| =========                 |                                                 |
| \\      /  F ield         | OpenFOAM: The Open Source CFD Toolbox           |
|  \\    /   O peration     | Version:  2412                                  |
|   \\  /    A nd           | Website:  www.openfoam.com                      |
|    \\/     M anipulation  |                                                 |
\*---------------------------------------------------------------------------*/
FoamFile
{
    version     2.0;
    format      ascii;
    arch        "LSB;label=32;scalar=64";
    class       faceList;
    location    "constant/soc/polyMesh";
    object      faces;
}
// * * * * * * * * * * * * * * * * * * * * * * * * * * * * * * * * * * * * * //


760
(
3(26 91 90)
3(30 26 90)
3(30 91 26)
3(30 90 91)
3(26 91 72)
3(26 72 90)
3(72 91 90)
3(25 90 99)
3(25 29 90)
3(99 90 29)
3(25 99 29)
3(90 99 72)
3(90 72 25)
3(99 25 72)
3(25 30 90)
3(30 29 90)
3(26 90 25)
3(38 92 33)
3(38 37 92)
3(33 92 37)
3(21 93 18)
3(21 17 93)
3(18 93 17)
3(38 92 34)
3(33 34 92)
3(5 94 19)
3(19 94 23)
3(5 23 94)
3(7 32 95)
3(36 7 95)
3(36 95 32)
3(15 96 2)
3(15 11 96)
3(11 2 96)
3(21 93 22)
3(18 22 93)
3(79 40 65)
3(40 53 65)
3(79 65 53)
3(79 53 40)
3(62 47 69)
3(69 47 87)
3(62 69 87)
3(62 87 47)
3(43 85 71)
3(43 71 68)
3(43 68 85)
3(73 89 41)
3(73 41 64)
3(89 64 41)
3(73 64 89)
3(90 47 99)
3(99 47 29)
3(90 29 47)
3(92 38 48)
3(37 92 48)
3(93 17 103)
3(93 84 17)
3(93 103 84)
3(84 103 17)
3(33 102 73)
3(33 88 102)
3(73 102 88)
3(35 0 97)
3(35 97 39)
3(0 39 97)
3(98 9 14)
3(98 13 9)
3(98 14 13)
3(111 26 91)
3(87 91 26)
3(87 26 111)
3(87 111 91)
3(1 8 97)
3(1 97 12)
3(12 97 8)
3(21 93 46)
3(22 46 93)
3(110 100 22)
3(22 100 60)
3(110 22 60)
3(110 60 100)
3(101 92 38)
3(38 92 64)
3(101 38 64)
3(101 64 92)
3(58 45 67)
3(67 45 83)
3(58 67 83)
3(58 83 45)
3(9 10 98)
3(98 10 14)
3(13 98 106)
3(13 57 98)
3(106 98 57)
3(13 106 57)
3(7 6 95)
3(32 95 6)
3(97 1 74)
3(8 97 74)
3(4 19 94)
3(76 4 94)
3(76 94 19)
3(95 52 7)
3(95 36 52)
3(97 1 35)
3(97 35 74)
3(111 104 87)
3(111 62 104)
3(87 104 62)
3(111 87 62)
3(24 28 94)
3(24 94 5)
3(5 94 28)
3(53 45 79)
3(54 79 45)
3(54 53 79)
3(98 9 70)
3(98 70 10)
3(5 94 4)
3(94 76 24)
3(94 24 4)
3(78 45 41)
3(78 66 45)
3(78 41 66)
3(41 45 66)
3(69 44 47)
3(69 62 44)
3(43 60 71)
3(43 85 60)
3(85 71 60)
3(41 73 66)
3(41 66 89)
3(86 72 43)
3(61 43 72)
3(61 86 43)
3(61 72 86)
3(18 22 110)
3(100 22 18)
3(100 18 110)
3(38 101 34)
3(101 92 34)
3(67 71 59)
3(59 71 84)
3(67 59 84)
3(48 69 73)
3(48 88 69)
3(48 73 88)
3(47 72 90)
3(47 99 72)
3(69 48 56)
3(69 56 44)
3(69 44 48)
3(54 67 71)
3(54 71 42)
3(67 42 71)
3(54 42 67)
3(111 27 87)
3(111 104 27)
3(87 27 104)
3(45 14 108)
3(58 108 14)
3(58 45 108)
3(43 80 72)
3(43 68 80)
3(43 72 68)
3(72 69 47)
3(72 47 87)
3(71 43 46)
3(71 46 60)
3(48 73 41)
3(64 73 48)
3(78 79 45)
3(78 45 70)
3(45 79 70)
3(78 53 45)
3(78 79 53)
3(1 0 97)
3(54 79 71)
3(54 67 79)
3(71 46 54)
3(71 42 46)
3(55 71 54)
3(54 71 80)
3(55 80 71)
3(55 54 80)
3(81 48 69)
3(81 73 48)
3(56 81 48)
3(69 81 56)
3(17 103 21)
3(103 93 21)
3(27 104 31)
3(95 27 31)
3(95 31 104)
3(95 104 27)
3(72 55 80)
3(72 43 55)
3(55 43 80)
3(72 55 56)
3(72 56 80)
3(55 80 56)
3(71 46 55)
3(54 79 80)
3(30 111 26)
3(30 91 111)
3(67 42 45)
3(67 58 42)
3(72 55 47)
3(72 47 56)
3(72 43 47)
3(105 3 16)
3(20 3 105)
3(20 105 16)
3(72 87 91)
3(72 56 81)
3(81 56 80)
3(66 57 82)
3(66 82 45)
3(66 45 57)
3(57 45 82)
3(46 22 100)
3(46 100 60)
3(92 64 48)
3(41 78 53)
3(66 45 70)
3(40 65 80)
3(79 40 80)
3(111 27 26)
3(13 8 106)
3(13 106 9)
3(106 8 9)
3(16 103 112)
3(16 20 103)
3(16 112 20)
3(103 20 112)
3(37 107 102)
3(37 102 33)
3(107 33 102)
3(37 33 107)
3(25 113 29)
3(113 99 29)
3(25 99 113)
3(12 0 97)
3(56 40 65)
3(56 80 40)
3(56 65 80)
3(99 61 29)
3(47 61 99)
3(51 110 76)
3(110 94 76)
3(51 94 110)
3(51 76 94)
3(102 63 37)
3(102 37 48)
3(102 48 63)
3(105 3 2)
3(105 2 16)
3(3 15 96)
3(3 96 2)
3(96 50 15)
3(3 50 96)
3(67 45 70)
3(45 83 70)
3(93 46 59)
3(93 59 21)
3(36 32 107)
3(33 107 32)
3(36 107 33)
3(105 50 3)
3(20 50 105)
3(47 69 56)
3(81 48 53)
3(56 81 53)
3(53 73 81)
3(53 78 73)
3(53 81 78)
3(43 71 80)
3(10 108 83)
3(10 70 108)
3(108 70 83)
3(31 95 7)
3(6 95 31)
3(95 52 31)
3(72 69 56)
3(65 56 53)
3(43 71 55)
3(12 106 8)
3(12 97 106)
3(106 97 8)
3(68 43 86)
3(59 42 71)
3(59 67 42)
3(69 63 48)
3(69 44 63)
3(53 73 48)
3(113 29 24)
3(25 113 24)
3(37 107 63)
3(107 102 63)
3(54 45 67)
3(110 22 19)
3(110 19 23)
3(110 23 22)
3(39 38 101)
3(35 101 38)
3(35 39 101)
3(13 12 106)
3(98 82 70)
3(98 9 82)
3(106 9 98)
3(61 47 72)
3(110 60 76)
3(110 76 85)
3(76 60 85)
3(110 85 60)
3(101 39 64)
3(59 46 71)
3(88 69 63)
3(48 88 63)
3(67 79 45)
3(28 24 113)
3(29 28 113)
3(66 57 49)
3(66 49 82)
3(57 82 49)
3(41 73 78)
3(51 60 76)
3(51 110 60)
3(17 103 20)
3(20 103 21)
3(53 73 41)
3(10 109 108)
3(10 108 14)
3(109 14 108)
3(10 14 109)
3(109 11 15)
3(109 15 14)
3(109 14 11)
3(40 80 54)
3(79 40 54)
3(45 70 82)
3(34 35 101)
3(19 110 18)
3(65 53 78)
3(109 108 83)
3(10 109 83)
3(31 111 27)
3(31 26 111)
3(97 106 49)
3(97 49 12)
3(106 12 49)
3(24 76 113)
3(24 113 86)
3(86 113 76)
3(107 52 36)
3(107 63 52)
3(107 36 63)
3(97 74 106)
3(106 74 8)
3(40 80 55)
3(35 97 101)
3(39 101 97)
3(94 110 19)
3(94 23 110)
3(31 111 104)
3(101 39 49)
3(64 101 49)
3(95 107 32)
3(95 32 77)
3(95 77 107)
3(107 77 32)
3(65 81 56)
3(109 11 96)
3(109 96 15)
3(19 110 76)
3(19 85 110)
3(11 96 83)
3(109 11 83)
3(109 83 96)
3(103 112 84)
3(16 103 84)
3(16 84 112)
3(74 106 49)
3(74 49 97)
3(31 30 111)
3(53 65 81)
3(113 94 24)
3(113 28 94)
3(95 107 36)
3(74 82 106)
3(106 82 8)
3(76 113 94)
3(66 57 41)
3(66 41 49)
3(76 43 61)
3(76 86 43)
3(76 61 86)
3(88 69 52)
3(69 63 52)
3(88 52 63)
3(50 75 67)
3(50 84 75)
3(50 67 84)
3(58 96 50)
3(58 15 96)
3(101 74 97)
3(101 35 74)
3(82 49 74)
3(82 106 49)
3(31 62 104)
3(31 111 62)
3(89 49 41)
3(89 64 49)
3(52 69 77)
3(52 87 69)
3(52 77 87)
3(50 83 67)
3(50 75 83)
3(43 76 60)
3(43 85 76)
3(76 43 51)
3(61 76 51)
3(88 77 52)
3(66 49 74)
3(50 84 112)
3(50 112 75)
3(84 75 112)
3(69 44 52)
3(42 50 67)
3(67 50 59)
3(68 43 76)
3(50 58 67)
3(50 83 58)
3(52 62 69)
3(52 87 62)
3(49 89 66)
3(49 74 89)
3(52 104 31)
3(52 62 104)
3(30 47 90)
3(91 47 90)
3(30 47 91)
3(91 47 72)
3(62 91 47)
3(87 47 91)
3(87 91 62)
3(30 62 91)
3(92 37 102)
3(92 102 33)
3(92 73 34)
3(33 73 92)
3(102 92 48)
3(89 73 92)
3(92 73 64)
3(89 92 64)
3(92 89 34)
3(92 73 48)
3(93 17 71)
3(93 71 18)
3(93 100 22)
3(18 100 93)
3(93 100 46)
3(93 84 71)
3(71 93 46)
3(71 59 93)
3(94 51 23)
3(5 51 94)
3(60 110 23)
3(51 110 23)
3(95 107 52)
3(95 6 77)
3(95 77 52)
3(107 52 77)
3(95 27 6)
3(104 95 52)
3(96 11 75)
3(96 75 2)
3(3 96 105)
3(105 96 2)
3(105 50 96)
3(96 83 75)
3(50 83 96)
3(83 58 96)
3(50 75 96)
3(97 49 39)
3(97 0 49)
3(29 61 113)
3(28 113 61)
3(99 61 113)
3(97 49 101)
3(101 74 49)
3(45 13 98)
3(45 98 14)
3(98 10 108)
3(98 108 14)
3(45 98 57)
3(45 82 98)
3(82 57 98)
3(108 98 70)
3(45 70 98)
3(86 99 72)
3(72 99 61)
3(86 61 99)
3(99 25 86)
3(25 113 86)
3(113 86 99)
3(59 50 112)
3(59 112 20)
3(112 50 20)
3(84 112 59)
3(50 84 59)
3(112 59 103)
3(84 103 59)
3(16 17 103)
3(105 16 112)
3(105 112 20)
3(94 28 51)
3(113 51 94)
3(113 28 51)
3(113 51 76)
3(16 75 105)
3(112 105 75)
3(16 112 75)
3(85 71 100)
3(100 71 60)
3(85 100 60)
3(71 100 18)
3(18 100 85)
3(46 100 71)
3(93 71 100)
3(89 92 101)
3(89 101 64)
3(101 89 34)
3(101 89 49)
3(101 74 89)
3(101 89 35)
3(48 88 102)
3(88 63 102)
3(92 102 73)
3(102 73 48)
3(93 84 59)
3(103 59 21)
3(103 93 59)
3(20 59 103)
3(95 27 77)
3(104 87 77)
3(104 77 27)
3(52 87 104)
3(52 77 104)
3(95 104 77)
3(50 105 112)
3(75 105 2)
3(105 75 50)
3(105 96 75)
3(106 98 82)
3(106 82 57)
3(58 109 108)
3(58 83 109)
3(58 108 83)
3(106 82 9)
3(33 88 107)
3(102 107 88)
3(107 32 88)
3(88 52 107)
3(88 107 63)
3(88 107 77)
3(10 109 11)
3(108 70 45)
3(108 45 83)
3(98 108 45)
3(58 109 14)
3(58 109 15)
3(58 109 96)
3(85 100 110)
3(18 110 85)
3(37 107 36)
3(86 61 113)
3(62 111 91)
3(30 62 111)
3(113 51 61)
3(113 61 76)
3(106 57 12)
3(49 57 106)
3(23 51 5)
3(21 46 22)
3(46 21 59)
3(30 47 62)
3(64 39 38)
3(22 60 23)
3(64 48 41)
3(37 36 63)
3(62 47 44)
3(57 45 13)
3(60 46 43)
3(42 54 46)
3(54 55 46)
3(36 7 52)
3(48 38 37)
3(20 59 21)
3(40 54 53)
3(0 39 49)
3(61 43 47)
3(48 56 53)
3(29 61 47)
3(5 51 28)
3(45 58 14)
3(53 54 45)
3(54 40 55)
3(40 56 55)
3(42 59 50)
3(44 48 63)
3(64 38 48)
3(41 53 45)
3(46 60 22)
3(7 31 52)
3(48 44 56)
3(28 61 29)
3(43 55 47)
3(41 57 49)
3(49 12 0)
3(58 45 42)
3(3 50 20)
3(28 51 61)
3(45 54 42)
3(29 47 30)
3(44 52 62)
3(53 41 48)
3(51 43 61)
3(14 13 45)
3(63 48 37)
3(13 12 57)
3(44 47 56)
3(52 63 36)
3(15 50 3)
3(31 30 62)
3(47 55 56)
3(58 42 50)
3(14 58 15)
3(41 45 57)
3(50 15 58)
3(64 41 49)
3(44 63 52)
3(53 56 40)
3(50 59 20)
3(49 57 12)
3(43 46 55)
3(46 59 42)
3(51 23 60)
3(62 52 31)
3(60 43 51)
3(39 64 49)
3(25 29 30)
3(26 25 30)
3(38 33 37)
3(21 18 17)
3(33 38 34)
3(5 19 23)
3(36 32 7)
3(15 2 11)
3(18 21 22)
3(85 68 71)
3(33 73 88)
3(35 39 0)
3(9 13 14)
3(1 12 8)
3(9 14 10)
3(32 6 7)
3(8 74 1)
3(76 19 4)
3(35 1 74)
3(24 5 28)
3(9 10 70)
3(19 5 4)
3(24 76 4)
3(73 89 66)
3(67 84 71)
3(88 73 69)
3(68 72 80)
3(72 87 69)
3(78 70 79)
3(1 35 0)
3(79 67 71)
3(81 69 73)
3(79 71 80)
3(20 16 3)
3(72 26 87)
3(72 81 80)
3(66 70 78)
3(79 80 65)
3(87 26 27)
3(13 9 8)
3(12 1 0)
3(3 16 2)
3(3 2 15)
3(67 70 83)
3(36 33 32)
3(73 78 81)
3(80 71 68)
3(10 83 70)
3(6 31 7)
3(72 69 81)
3(68 86 72)
3(25 24 29)
3(19 22 23)
3(35 38 39)
3(13 8 12)
3(82 9 70)
3(29 24 28)
3(66 78 73)
3(17 20 21)
3(79 70 67)
3(11 14 15)
3(66 82 70)
3(38 35 34)
3(19 18 22)
3(65 78 79)
3(31 27 26)
3(24 86 76)
3(65 80 81)
3(19 76 85)
3(26 30 31)
3(74 8 82)
3(84 67 75)
3(81 78 65)
3(87 77 69)
3(83 75 67)
3(69 77 88)
3(66 74 82)
3(68 76 86)
3(66 89 74)
3(85 76 68)
3(26 72 25)
3(33 34 73)
3(89 73 34)
3(18 71 17)
3(84 17 71)
3(24 4 5)
3(32 77 6)
3(27 31 6)
3(11 2 75)
3(75 83 11)
3(25 72 86)
3(25 86 24)
3(16 20 17)
3(71 18 85)
3(34 35 89)
3(74 89 35)
3(27 6 77)
3(87 27 77)
3(75 2 16)
3(82 8 9)
3(33 88 32)
3(88 77 32)
3(10 11 83)
3(10 14 11)
3(19 85 18)
3(37 33 36)
3(16 17 84)
3(84 75 16)
)


// ************************************************************************* //
