/*--------------------------------*- C++ -*----------------------------------*\
| =========                 |                                                 |
| \\      /  F ield         | OpenFOAM: The Open Source CFD Toolbox           |
|  \\    /   O peration     | Version:  2412                                  |
|   \\  /    A nd           | Website:  www.openfoam.com                      |
|    \\/     M anipulation  |                                                 |
\*---------------------------------------------------------------------------*/
FoamFile
{
    version     2.0;
    format      ascii;
    arch        "LSB;label=32;scalar=64";
    class       labelList;
    location    "constant/soc/polyMesh";
    object      faceRegionAddressing;
}
// * * * * * * * * * * * * * * * * * * * * * * * * * * * * * * * * * * * * * //


760
(
9952
9953
9954
9955
9956
9957
9958
9959
9960
9961
9962
9963
9964
9965
9966
9967
9969
9971
9972
9973
9975
9976
9977
9979
9980
9982
9983
9984
9986
9987
9988
9990
9991
9992
9994
9995
9997
9998
9999
10000
10001
10002
10003
10004
10005
10006
10007
10009
10010
10011
10012
10013
10014
10015
10016
10017
10018
10019
10020
10021
10022
10023
10024
10026
10027
10028
10030
10031
10032
10034
10035
10036
10037
10038
10039
10040
10042
10043
10044
10045
10046
10047
10048
10049
10050
10051
10052
10053
10054
10055
10056
10057
10059
10060
10061
10062
10063
10064
10066
10067
10069
10070
10071
10073
10074
10075
10076
10078
10079
10080
10081
10082
10083
10084
10086
10087
10088
10089
10090
10092
10094
10095
10097
10098
10099
10100
10101
10102
10103
10104
10105
10106
10107
10109
10110
10111
10112
10113
10114
10115
10116
10117
10118
10119
10120
10122
10123
10124
10126
10127
10128
10129
10130
10131
10132
10133
10134
10135
10136
10137
10138
10139
10140
10141
10142
10143
10145
10146
10148
10149
10150
10151
10152
10153
10154
10156
10157
10158
10160
10161
10163
10164
10165
10166
10167
10168
10169
10170
10172
10173
10174
10175
10176
10177
10178
10179
10180
10181
10182
10183
10184
10185
10186
10187
10189
10190
10191
10192
10193
10194
10195
10196
10197
10198
10200
10202
10203
10205
10206
10207
10208
10209
10210
10211
10212
10213
10215
10216
10218
10220
10221
10222
10224
10225
10226
10227
10228
10229
10230
10231
10232
10233
10234
10235
10237
10238
10239
10240
10241
10242
10243
10244
10245
10246
10247
10248
10249
10250
10252
10253
10255
10256
10257
10258
10260
10261
10262
10263
10264
10266
10267
10268
10269
10270
10271
10272
10273
10275
10277
10278
10279
10281
10282
10284
10285
10286
10287
10288
10289
10290
10292
10294
10295
10296
10297
10298
10299
10300
10302
10303
10304
10305
10306
10307
10309
10310
10311
10313
10315
10316
10318
10319
10320
10321
10322
10323
10324
10325
10326
10327
10328
10329
10330
10332
10333
10334
10335
10337
10338
10339
10340
10342
10344
10345
10346
10347
10348
10349
10350
10352
10353
10354
10356
10358
10360
10362
10363
10364
10365
10367
10368
10369
10370
10371
10372
10374
10375
10376
10377
10378
10379
10380
10381
10382
10383
10384
10385
10386
10387
10388
10389
10390
10391
10393
10394
10395
10396
10398
10399
10400
10401
10402
10403
10404
10405
10406
10408
10409
10410
10411
10412
10413
10415
10416
10417
10418
10419
10420
10421
10422
10423
10424
10425
10426
10428
10429
10430
10431
10433
10434
10435
10436
10437
10438
10439
10440
10441
10443
10444
10446
10447
10448
10449
10450
10452
10454
10455
10456
10457
10458
10459
10460
10462
10463
10464
10465
10466
10467
10470
10471
10472
10474
10475
10476
10477
10478
10479
10480
10481
10482
10483
10484
10486
10487
10488
10489
10490
10492
10493
10494
10496
10497
10498
10499
10501
10502
10503
10504
10506
10507
10508
10509
10511
10512
10513
10515
10516
10517
10519
10520
10521
10522
10524
10525
10526
10527
10528
10529
10530
10531
10532
10533
10534
10535
10536
10537
10538
10539
10540
10541
10542
10543
10544
10545
10546
10548
10550
10551
10552
10553
10554
10555
10556
10557
10558
10560
10561
10562
10563
10564
10565
10566
10567
10568
10569
10570
10571
10572
10573
10575
10576
10577
10578
10579
10580
10581
10582
10585
10586
10587
10588
10589
10590
10591
10592
10593
10595
10596
10598
10599
10600
10601
10602
10604
10605
10606
10607
10608
10609
10610
10611
10613
10614
10615
10617
10618
10619
10621
10623
10624
10625
10626
10627
10628
10629
10630
10633
10635
10636
10637
10638
10639
10640
10641
-1549
-2417
-2581
-2721
-3058
-3145
-3254
-3325
-3948
-4156
-4216
-4526
-4541
-4723
-4845
-5212
-5624
-5644
-5790
-5978
-6087
-6159
-6267
-6285
-6358
-6381
-6526
-6637
-6652
-6755
-6996
-7337
-7390
-7490
-7573
-8000
-8055
-8121
-8179
-8225
-8253
-8271
-8330
-8371
-8447
-8451
-8552
-8611
-8669
-8676
-8765
-8781
-8887
-8907
-8925
-8955
-8957
-8967
-8974
-9002
-9005
-9023
-9034
-9039
-9047
-9054
-9089
-9293
9968
9970
9974
9978
9981
9985
9989
9993
9996
10008
10025
10029
10033
10041
10058
10065
10068
10072
10077
10085
10091
10093
10096
10108
10121
10125
10144
10147
10155
10159
10162
10171
10188
10199
10201
10204
10214
10217
10219
10223
10236
10251
10254
10259
10265
10274
10276
10280
10283
10291
10293
10301
10308
10312
10314
10317
10331
10336
10341
10343
10351
10355
10357
10359
10361
10366
10373
10392
10397
10407
10414
10427
10432
10442
10445
10451
10453
10461
10468
10469
10473
10485
10491
10495
10500
10505
10510
10514
10518
10523
10547
10549
10559
10574
10583
10584
10594
10597
10603
10612
10616
10620
10622
10631
10632
10634
10642
10643
)


// ************************************************************************* //
