/*--------------------------------*- C++ -*----------------------------------*\
| =========                 |                                                 |
| \\      /  F ield         | OpenFOAM: The Open Source CFD Toolbox           |
|  \\    /   O peration     | Version:  2412                                  |
|   \\  /    A nd           | Website:  www.openfoam.com                      |
|    \\/     M anipulation  |                                                 |
\*---------------------------------------------------------------------------*/
FoamFile
{
    version     2.0;
    format      ascii;
    arch        "LSB;label=32;scalar=64";
    note        "nPoints:1849  nCells:9437  nFaces:19018  nInternalFaces:18730";
    class       labelList;
    location    "constant/polyMesh";
    object      neighbour;
}
// * * * * * * * * * * * * * * * * * * * * * * * * * * * * * * * * * * * * * //


18730
(
34
85
991
3902
36
1282
3906
4300
1826
1922
3907
4255
31
71
1334
3273
8
26
731
3905
155
1712
3931
5694
7
8
26
1213
91
252
413
24
413
12
161
2742
4238
2487
3046
4278
8086
96
900
2780
3912
314
3918
4237
3881
3902
4266
9025
60
208
388
5018
20
29
487
4236
42
295
2461
4019
139
549
3231
3984
25
102
4243
4257
23
395
444
498
3919
4237
5751
898
3998
4001
4712
32
289
840
2949
575
3933
6622
1213
4093
4850
371
1135
5797
230
4270
28
146
473
584
386
4064
4126
88
188
386
33
1498
3950
3952
1042
2080
2698
112
420
6965
1606
2284
8180
1083
1285
4744
119
887
1953
4740
48
4299
7158
92
198
1050
1817
39
61
352
8610
402
4259
4269
41
50
4255
4299
47
3907
4300
2767
3972
4018
127
3955
4254
7288
290
1485
3772
4060
183
905
2529
6267
313
451
490
8824
50
51
466
3683
3825
4254
3793
3819
4039
5724
1136
7301
203
703
4225
53
63
4043
4044
57
58
4042
118
1798
2528
3962
114
2501
2632
7559
2387
4007
4271
5625
1133
4043
4091
63
3390
4092
87
446
1931
4275
73
136
294
912
2516
4282
520
820
3691
4286
342
6861
139
356
2660
4262
72
756
1692
1712
264
547
825
2423
68
69
117
4247
1230
1850
9228
3988
4086
4241
142
312
609
6724
853
4277
5500
80
256
403
158
181
4076
461
478
4007
7938
148
410
1854
4070
553
875
1614
4295
108
1879
4035
5980
478
3772
4004
4800
141
301
1002
4013
225
2564
4289
538
1450
4248
5306
148
179
1854
4104
171
739
920
4305
217
851
4127
5319
2285
3880
4693
463
469
720
7029
125
263
1945
3919
4126
5969
846
4071
4104
9034
91
1213
4025
4118
327
5520
951
986
3031
184
1012
4045
4047
284
488
630
2378
302
2409
3947
4209
3966
4279
4703
98
980
3934
4240
2363
4166
4239
229
405
483
1957
311
448
3205
5243
297
527
2379
4061
4210
4227
4244
162
180
567
1339
280
1555
3687
5523
521
767
4168
9232
358
732
2741
8096
405
3975
3987
4276
576
4033
6034
223
2025
4078
8093
3937
4259
4282
6136
223
4077
4079
8067
289
1698
2718
123
124
2677
2689
1339
3973
8172
273
464
1719
6731
238
2678
4304
6262
1386
2926
8773
177
1493
3460
1924
2282
9373
123
124
1284
3233
333
367
3888
3995
246
905
1969
5952
3049
6218
484
3911
3779
4003
4004
704
4009
4295
6936
1389
3826
7268
486
833
2120
2691
145
295
1003
3870
319
1075
2716
3497
363
1799
1817
2813
193
238
969
4988
137
139
2660
3984
137
139
3231
3681
163
785
1404
5940
181
189
202
3047
4777
2423
2588
3806
3989
143
2765
4269
6175
751
858
4012
2158
2261
6632
1042
2204
2698
151
306
4182
7039
934
3453
5216
149
231
4126
865
1307
3979
9433
305
4084
151
1383
6962
345
683
1018
5669
473
976
959
1644
3543
4112
339
1023
1798
1904
170
1154
1621
2802
363
3116
3923
236
911
3703
7622
425
1223
2393
6342
159
3926
9352
181
219
458
239
3582
4066
4131
882
4236
4237
170
1206
3976
658
1421
1753
178
214
306
330
303
434
1403
3742
363
1050
3116
4685
406
409
862
2097
991
4025
4026
5420
3844
3972
4202
8285
180
201
392
1103
5118
187
215
588
4213
464
708
2437
6606
511
1325
2930
5697
200
562
1986
7564
234
1828
4173
4213
1190
3965
6332
412
3953
4264
321
1294
6006
348
1154
4073
467
1015
2102
3306
360
419
768
193
969
8351
246
390
901
5883
649
667
2221
4144
944
997
3141
199
3770
6321
358
3246
6719
274
776
869
1132
712
1219
1502
1954
197
203
3909
4225
618
5025
556
2672
3930
4204
249
526
2701
5029
223
2025
3942
7442
218
4222
4223
240
344
1232
386
1066
3886
564
915
2497
423
1206
1583
219
4251
6943
218
3230
1031
1427
4260
6507
1090
2987
3978
3981
2220
3155
4260
6536
392
507
551
4773
250
4251
7458
591
1375
2263
6969
627
778
1344
3805
1758
2737
4161
5572
876
4122
4164
4212
447
755
4248
5692
338
4303
7155
401
997
1730
295
470
4098
9246
864
1568
4040
703
8623
496
3924
1462
2654
3921
4178
370
736
2018
7569
279
285
316
510
8085
547
2464
3992
6145
256
4288
9351
254
575
3933
6614
302
1224
1915
2409
330
4074
4182
4905
3952
3975
8211
252
1170
1227
3917
3920
6911
364
891
1669
1775
1511
2519
4043
4819
401
2506
5826
721
1055
2158
2655
328
622
1158
459
1792
2094
2390
261
299
1832
2204
6828
1799
1817
6915
758
1835
2461
3972
535
700
1060
6497
490
559
810
7468
1053
3435
3650
4218
538
1450
3942
9296
617
662
258
2954
4133
4214
678
1020
2181
5467
673
2276
3346
388
4149
6771
2705
4108
4295
5022
3048
5492
946
1362
2687
3352
340
1606
4010
504
626
2699
5054
1712
4129
265
1712
4287
9196
782
1928
5647
692
859
1935
7310
356
412
534
549
336
554
4085
287
389
510
3723
3779
4256
6301
3934
3992
8243
820
1692
6100
272
3692
4245
8507
272
406
1316
4227
286
1996
4048
5924
365
679
998
3851
364
1861
3819
8143
451
793
2737
8774
525
862
668
2764
3145
760
1771
6251
318
2751
4080
4215
786
877
1454
2865
683
876
1345
4212
350
351
4078
9235
304
1132
8171
429
1212
7561
480
4013
4014
4922
552
2949
3586
6927
619
2734
4161
4162
697
715
4211
287
623
5881
900
2712
5718
3722
5808
414
496
2637
6849
938
6343
400
1787
3777
399
950
2073
6726
302
986
1232
6831
426
634
1001
1219
358
2741
8097
2767
819
944
1983
2216
2199
3721
4058
782
1928
4216
5662
336
385
4308
671
1274
1314
3121
1371
4014
6375
2518
475
567
2706
316
417
3708
321
327
7026
976
7133
3720
4112
4138
8929
354
807
3205
7895
483
1957
3888
8839
585
2711
3804
5831
800
1476
1501
1029
3996
6899
472
3959
8790
4103
4105
6495
411
877
1693
1873
2666
8052
572
3481
4107
4121
910
3941
3942
694
958
5398
597
971
1390
6480
685
6071
2429
2705
4168
4980
384
646
1005
3121
366
1121
3256
3455
446
2676
3916
4257
577
1915
2409
4728
4101
6263
774
3702
5603
424
893
1179
3714
412
460
1090
1681
3154
9395
834
2513
3925
7022
337
340
4010
357
374
527
4160
573
1426
2740
2876
433
457
1446
1957
3952
3982
4264
7213
1190
2067
6340
570
2284
361
693
2111
8950
362
2519
6805
404
929
2746
5746
1050
1301
3946
416
2324
4274
499
629
648
8132
603
2075
2774
7948
423
475
6479
561
1350
2322
2837
553
4011
9236
553
704
4916
912
3938
4888
568
1971
2905
3164
448
1625
2866
397
679
2243
3853
2323
3985
454
1337
4157
8114
852
2117
2242
4146
708
1472
7706
1209
2496
3562
1016
1081
4185
4129
2487
8101
3853
3997
5195
826
1051
6989
570
3901
4235
756
1799
3931
6945
3763
3764
4030
5302
1086
2452
3011
571
4245
5564
570
3933
4233
6451
1028
1149
1355
2150
454
4061
8045
1229
1914
3841
8187
1231
2527
4043
8076
1855
2860
3365
3568
532
625
3955
7204
613
3695
4078
4081
383
3811
3960
4120
487
1800
3796
5807
860
2779
3696
5790
1850
3988
7584
1387
3776
6836
433
618
5084
584
584
3920
4238
9233
3926
5006
1406
3756
8357
617
1473
2700
491
935
2343
3299
476
5086
1587
2589
3998
4709
614
967
1651
2176
457
1188
4085
766
1558
3556
3727
534
598
3240
1766
3079
3470
4171
452
536
3749
461
478
6439
4176
5828
2255
2765
8072
756
2813
3408
506
1226
3743
422
4279
4210
4673
487
1926
4236
9209
755
3079
4221
5909
3880
3881
5194
767
4067
7114
786
1229
7971
861
624
685
791
834
1531
427
746
972
1649
443
683
1187
2727
3709
8173
494
801
2036
7498
637
2437
6458
840
2297
6998
2387
4257
4271
9363
1489
4246
8601
481
3413
3716
3785
9019
971
1605
2232
1569
2802
7321
557
1979
9163
446
4244
4256
4257
663
1028
5318
609
1385
2261
2302
1278
2498
2799
4204
1553
2125
3770
6373
1433
4049
567
2784
8609
628
878
1008
3749
799
1342
1842
3003
530
904
2196
3456
740
1469
2381
4795
594
621
2879
5014
483
1495
4281
8864
528
779
2334
6240
452
814
838
3084
4125
4212
5176
2678
4304
6032
653
990
1062
1902
3746
1022
4170
5668
1240
1338
672
1487
1609
5593
455
1836
2223
6064
548
559
633
6278
3162
4073
4076
6605
573
1682
956
1707
3385
1010
1480
1541
3268
498
4306
496
2492
9356
1677
2657
4534
549
1283
4857
4006
7790
531
1302
2752
3200
1335
2620
3632
654
1967
1413
1623
2066
2217
1136
3618
4300
1384
2404
9003
962
1636
3251
5894
3581
4032
6066
3162
3453
5923
509
761
1441
2328
490
3811
8791
4064
4182
616
1634
3260
7472
481
4124
1103
4216
5036
737
1820
3957
5348
5379
648
1433
2482
3488
516
4015
4930
1403
4139
497
711
1006
3785
1806
2689
3233
4230
4002
4031
4032
9434
2155
2632
7529
3795
777
3154
5461
631
1165
3802
9311
9273
879
1019
5854
715
1298
2560
2871
745
1168
2154
6625
669
2100
2942
849
1861
2278
4038
791
1420
2137
5366
4233
4308
502
1433
4306
505
651
2928
7211
544
4109
4130
9214
1094
4235
8831
781
919
2617
2632
1143
1703
1889
2184
2195
2999
2985
3744
5230
940
4023
4216
957
3725
4031
5710
945
1903
8993
3756
9150
881
2851
3466
1005
1387
2087
3754
724
816
1634
9188
656
1870
2422
3086
1914
2392
3841
9128
2147
4014
4933
799
941
1623
3003
611
1448
2665
2768
812
1173
2015
3429
865
1307
7567
1057
4069
8502
1287
2354
3723
4926
1299
1437
1527
5083
586
1091
2352
5615
803
1316
1680
673
3274
3334
713
4157
836
2015
3460
640
856
2672
4937
1038
2983
8184
806
2785
9038
2050
3871
3956
780
1686
3784
9222
2323
2932
1761
2686
3186
814
950
5659
1121
3411
3797
5961
3941
5181
952
2613
4273
8344
1961
2521
3067
6695
795
1255
2346
3165
968
1264
1573
3341
1449
2400
3868
7720
572
590
4265
667
1744
2262
3810
3968
4048
4280
8210
1164
2382
676
3959
4161
3843
596
1424
2774
3653
4022
4305
4836
1141
2724
3314
4915
4049
4050
8566
1058
1641
1745
2006
2873
3217
8260
746
2511
8105
687
787
1150
3763
589
676
1326
1376
2333
8763
1481
1972
8521
564
2633
2797
2403
4164
4301
6138
3064
5413
2938
3844
4185
4302
908
1428
3630
4036
8608
1507
1536
7492
773
977
2171
4794
6011
1135
2097
6566
595
998
3163
8037
800
892
1501
2439
583
5804
1034
3962
7330
951
3945
6486
1067
1192
1581
1769
607
1353
3758
6518
1012
1377
3690
9049
594
621
928
7770
599
738
2747
9361
1188
3995
8374
8055
1668
1784
3655
1236
1662
1677
881
1225
1418
8095
1730
1961
2216
619
4163
7374
595
604
9227
1602
2085
2636
897
2298
2600
3106
1017
1289
2011
3634
3073
3434
679
3237
2075
3706
7772
620
1520
6331
1041
2323
5324
655
2887
3572
734
2210
2466
3462
744
818
3032
3312
1134
1167
3059
5643
3149
3207
3412
679
1041
3851
2012
2323
2660
2932
723
900
2689
5707
1186
2035
4175
622
633
838
948
2229
2692
1381
1738
3232
6871
841
2723
3533
1179
1845
2374
2690
635
1510
4077
752
1858
5806
1412
1517
2688
4903
1497
1949
2684
1830
7906
4047
5072
676
2206
1423
1857
6328
2129
3474
774
878
1132
1308
1771
731
3048
4902
1669
1775
7179
1482
1763
2479
1405
2261
6081
1619
3751
5512
992
1046
1094
4051
4152
4211
2481
3590
3801
1092
1358
2254
3274
878
6052
712
1583
6869
665
1014
3695
888
1300
2021
2192
768
1393
2265
1766
4096
4172
4217
931
1107
1717
3175
1021
2240
3484
988
1416
1674
6577
1077
1123
1742
4098
808
1199
1461
2923
1354
1394
2044
3387
674
1293
1844
6440
1314
3775
6814
733
848
1392
6204
1582
8562
978
4145
4646
652
1509
3062
3112
1876
2184
3351
906
2392
8714
794
3190
6682
708
2764
7658
738
2193
6732
2415
3762
8335
749
1509
3371
5902
1947
2543
7047
887
3117
4154
8932
1032
2026
2042
6746
1274
1617
2201
3506
768
905
7965
2651
2804
2901
3713
3821
3831
3832
3694
3743
4009
920
3377
3685
8514
1988
8592
700
2959
6686
801
1607
7636
1148
1251
1924
6700
947
1419
6702
1365
1552
1554
2854
6374
949
2837
3248
691
1810
1853
8931
3958
1722
3019
3122
5870
1017
1868
3634
710
1174
2106
7287
1203
1363
1705
6162
1097
1272
1351
1477
2722
929
1214
2853
5464
1294
9010
788
1241
1713
2937
759
922
3940
1007
2331
3567
5066
696
2573
3823
9164
775
1518
1770
6258
1995
2536
2994
1622
2322
2837
1209
2098
3522
1075
1192
1910
705
716
4190
4205
1727
1818
3660
1298
1546
3370
735
4013
4065
5945
963
1216
2497
8225
2764
3186
901
1146
1608
1853
1220
1319
1392
2269
4222
7269
3695
4817
725
1356
4148
940
1043
3337
4196
1093
1217
1254
1374
1060
1643
2028
2869
3366
1171
2545
2640
1374
2137
8879
2828
6759
2220
3155
5646
2185
2481
3611
6429
777
3191
725
3957
6490
789
877
1281
7618
1008
1155
1619
2441
720
743
4029
4102
882
2742
2273
3994
8174
765
4106
4110
5502
3912
4230
7428
975
2600
3660
1679
3427
2301
2987
3978
4785
1126
1831
3389
3394
1247
1397
4291
8182
1002
1266
4065
4809
1173
1488
1493
3773
1227
3903
914
3162
3719
811
2037
3526
788
2638
4334
753
817
9052
1086
1492
2805
1738
4190
7363
2319
2460
3685
4021
4165
1198
1262
2964
1225
1418
2021
6598
996
1469
2144
5143
882
957
2670
1700
2002
8435
1069
1943
2191
1475
2783
990
1471
3190
3580
948
1158
1205
1238
906
1792
2094
784
803
4028
4890
913
1068
2445
967
1862
2182
4062
4065
5887
1931
3746
3774
6884
1022
5713
6986
1525
1719
1951
6865
1016
2283
4736
903
3999
5301
869
1455
2214
844
3021
5581
983
1163
1556
1652
1251
1587
2541
6653
1861
2273
2401
5947
4109
4265
5277
2068
3718
6197
1057
9230
7734
1382
1977
3552
3670
1048
1618
3760
8140
842
1218
1348
5916
819
1500
4119
6246
1239
1717
2177
1008
5570
1372
1894
2821
1079
3708
5889
1681
8083
1210
2180
5997
836
1753
3023
1627
2587
3783
1526
3973
6568
4063
6084
839
867
2771
3309
1778
4118
9026
1503
2558
5934
3842
5154
837
922
4030
1917
4410
1454
1830
2719
1305
1514
1715
3559
3897
9354
1706
2057
2596
3398
1851
2238
3555
1062
3328
3497
1052
1694
5387
1124
2503
3774
7225
1118
1343
1560
2087
1243
1796
2900
3622
2081
8949
2208
7943
3039
3641
1056
1539
2845
3646
1249
4027
896
1144
2788
7034
880
1781
2190
3748
1142
1330
6864
2628
3411
3589
850
3637
7459
1184
1409
2312
6543
4136
4294
8183
848
3204
7401
1161
1488
7272
822
1292
1379
6152
1109
5547
870
1061
1160
6257
1435
1902
8865
832
4012
9173
1700
2950
6489
931
6235
4287
6280
1115
2105
2270
2843
1139
2920
3084
1223
1883
2846
5950
907
1098
1577
5850
2229
2302
8244
1121
2908
3798
985
3104
3899
8413
1725
2090
2685
2725
2666
3756
3782
8433
1349
1723
1967
2437
1248
1919
2875
4521
845
955
4062
2155
2627
4095
1466
6878
2131
4040
4274
5496
2528
7270
886
4044
6937
1465
7550
1807
2096
7907
2924
3118
2230
2359
3532
1638
1859
2305
1360
1770
1852
2821
945
1063
2314
858
1266
4175
1854
4069
4070
908
1709
1982
2578
1194
2027
891
899
1112
1199
1550
2534
4122
4125
6099
4128
4283
4284
1832
4056
5521
1436
1991
3513
3753
1271
1311
1464
7884
1021
1494
2508
1011
2436
2732
3705
1002
1186
1622
2889
3028
1492
2805
3697
3885
3953
4074
3692
4027
1187
1544
2324
3808
932
4137
5882
3285
7353
1402
2515
2718
5686
1137
2096
8557
1026
1592
3342
7621
2022
5716
1483
2434
3295
1064
1543
1948
3176
884
1568
4036
5099
1345
1896
2147
2760
1084
1965
2206
2212
4008
4203
4298
1018
2403
8477
5506
935
1332
2907
2553
3747
7510
1407
8136
1335
1048
1352
3354
9161
1524
4137
5085
925
1502
3733
6426
922
3384
4042
898
1148
982
3120
8600
1665
1736
1789
3082
964
2060
3541
5484
943
1861
1968
2849
7940
1845
3786
5261
2140
2442
2973
3499
1046
1417
3889
8838
1320
2604
3298
1743
2685
7229
1224
2499
943
1029
7030
2677
1393
6093
1179
1598
1688
5037
1597
1966
6752
1038
2653
7755
1633
1509
3124
1359
1921
3194
2459
5203
1366
2177
2829
3877
1510
4081
7786
1158
1999
7593
2341
4283
4012
4015
4875
3246
4072
4100
1656
1906
4963
1026
1099
3283
5429
974
1236
1932
2432
944
1107
1983
4141
1447
2632
2691
3490
8513
1198
1594
1595
2454
3999
1628
1629
1725
3227
1013
1413
1726
3206
3504
3508
3732
1235
2555
2966
3159
1126
1895
2211
3457
2138
2394
7804
1226
1599
1577
2180
3805
8207
944
1286
4037
4135
6710
1260
1360
1918
3022
3719
4100
5406
2984
8533
1549
2144
2332
4783
1663
1950
3614
6330
1783
2949
6338
1328
1684
2446
3434
4199
8800
2281
3382
6750
1061
1410
1528
2434
1055
3235
1044
4440
1035
3597
7175
954
2874
6919
1465
1588
1071
1293
6735
3194
3407
1050
4879
2577
2723
2768
1272
1954
2626
8363
1314
1506
3574
4107
4175
9171
1886
2398
4692
1335
8217
1304
3734
5654
2508
2791
4204
1138
1519
1877
8887
1004
1740
2198
3626
1984
2673
2709
2257
2583
3848
2089
2271
3442
1045
1512
2726
5505
1058
1858
2182
3150
3099
6775
2227
2598
7703
4050
8381
1152
1479
1812
2200
1380
1391
1672
3370
3717
1098
1161
1359
3429
1912
3606
4536
1497
1634
9315
1383
3951
1107
2118
4918
2221
4128
8033
1693
1908
2213
2252
4057
4261
6067
1820
1966
3232
3764
1829
1929
3538
1431
3910
7101
1815
2001
2513
2614
1040
1257
1434
1654
1915
1089
1138
2907
9224
3077
3393
6504
1215
1981
2859
3183
1435
5296
1170
4270
2046
3818
5141
996
1166
1542
8939
2023
2081
3382
6196
1410
1530
1557
3339
1549
8940
4141
8918
4110
4265
1683
1731
1839
6447
1097
1290
1523
5907
1009
2410
6850
4806
1835
2461
4725
1576
3198
7493
1343
6697
1082
1324
8141
2146
2187
3524
5765
1569
1643
2663
2493
3247
6938
3156
3704
4368
4054
9060
1849
2066
8720
2556
3744
5131
2164
2762
4865
1474
4202
3158
7742
2131
5714
1195
2424
5805
1868
2894
2989
3041
7202
4217
5679
1977
3056
4219
1030
1710
2365
3621
1200
2381
2970
4784
1960
2139
1373
1847
2653
7918
2053
7293
1055
2175
1378
1837
7571
3688
4150
6430
1044
3790
6852
1185
1234
3189
4770
1493
1930
3964
1362
2993
3515
1486
1642
1701
4629
1113
2219
2551
8843
3509
3576
1558
3556
4191
8612
3780
3899
4830
4034
5313
1087
6041
2407
4023
4198
1063
3789
1484
3465
3499
2046
4843
1538
1689
2817
3136
1881
3759
1449
2969
3867
6516
1191
3829
6873
1255
1786
2575
2919
4189
8263
2222
2252
2317
3478
2273
1801
3224
4908
1854
8527
1612
7152
1177
2020
2507
2652
1472
6456
2480
6250
2720
5300
2538
6990
1420
1690
6150
2463
2569
2669
3846
2913
3769
9210
1579
1833
5687
1371
2223
3218
1479
1782
7501
1691
1783
2566
3586
1721
2329
7389
1414
2473
3325
3699
1151
1157
3969
3971
2098
2103
2111
3074
1581
9370
1590
1603
2186
2874
1310
4099
5650
1580
1958
2424
2981
1909
2022
3516
1735
2360
3292
3491
4019
4302
5855
1618
1699
3716
3620
3904
4741
1752
2126
5357
1130
1601
1732
2316
2467
7853
1334
4131
9400
1637
2478
2483
2597
1499
2944
3379
3285
3979
1454
1662
2719
1516
2157
5130
1348
2474
5171
3900
8616
1120
1295
1630
6376
1175
2340
2761
3129
1529
6040
2588
5955
1559
1802
2139
1559
1755
1888
3132
1291
2122
3059
6676
1270
1590
1757
6711
4024
6114
1122
2327
2675
3546
1253
1491
2251
2960
1117
1604
3297
9412
5078
1156
2598
2682
3341
1651
2176
3084
1322
1711
2725
3307
1411
1519
1724
3321
1768
4039
7183
2531
3052
3864
1208
1313
3638
5958
1513
2016
9132
1280
1747
2681
2893
2133
2357
2505
1487
1714
5372
1204
3857
3879
6055
1308
1771
1973
6103
2162
2540
7415
1963
2347
6215
1128
1816
3362
1259
2420
2650
3030
3128
7660
1229
1873
2104
8168
1228
1303
7375
1390
2962
3813
6762
1463
1811
9053
1446
1489
1923
4847
8167
3940
4042
4934
1976
2122
5721
4210
5584
4299
7165
2968
3181
6781
1317
1411
1292
2353
6955
1254
2531
3863
4967
1470
1554
2533
1302
1848
2688
2146
3824
8193
1320
3234
3527
2400
2442
3293
7780
1473
2197
8495
1815
2441
2614
3018
1224
2518
1780
2456
7127
1231
2527
8102
1172
2847
3968
2612
3328
5652
2021
2192
2435
3061
3973
6689
1815
3729
6370
1525
1955
8528
1172
1312
8767
1565
1447
1621
3976
6968
1483
2594
2650
4234
7187
1233
1468
1718
8582
1431
3546
8456
2697
3922
4911
1200
1228
9326
1211
2119
2315
1535
3443
3820
1785
2191
2959
1306
2112
2353
2922
1285
5475
1174
1697
5304
1321
3464
3460
6214
1406
1660
2395
3445
6109
2040
2449
2792
3761
2078
3652
7231
1828
2091
2241
2422
9028
1319
2269
2346
2898
1296
1572
2071
2314
1288
2541
3736
6297
1269
1523
2215
3211
1508
1728
6265
1214
1585
2321
1268
4796
2722
5163
4306
8247
1257
1434
2740
3381
1798
1879
1646
1948
2908
1833
8973
1887
3821
3827
6738
1439
3185
8392
1332
1580
1724
2919
3377
3556
4194
1978
2110
3255
7688
2386
4816
2961
7844
1211
1542
1382
2226
3308
6216
1566
1705
1823
2903
1279
1369
2995
1351
2109
5966
1588
3847
8204
2784
6799
1221
2051
2988
9152
1925
2136
2279
2332
5732
1341
3728
3751
2739
9366
2797
2901
3687
4266
1234
2115
3207
3438
7568
1906
3847
6519
1348
3863
5312
1714
2070
5326
3733
7332
1809
3489
7646
1863
2328
3021
1469
1697
2144
4733
1791
1834
3998
3120
3280
2115
8158
3048
3279
2970
3801
1664
3812
4293
9203
4044
8100
3949
6844
1772
3081
3110
4296
5240
1269
2512
7738
2657
6237
1395
1821
2636
5768
1565
3848
9043
1741
3877
8060
1476
2886
7645
1917
2582
6615
1400
1940
3072
5964
1673
1911
6211
2140
2561
2797
9390
1949
2271
2384
8492
4188
4259
4268
5975
1632
2109
3986
2303
3133
4352
1680
1778
5431
2796
3417
3739
3741
3724
3998
1584
1821
3696
8917
1276
3188
8088
3786
8549
3526
7352
1871
2008
2566
6139
1426
8053
1884
2009
2145
3078
1400
1825
7985
1852
2679
9321
1417
2164
2404
3528
1594
2381
7275
1521
2325
3342
7177
2141
2167
6883
1288
1938
2996
9081
4062
4130
1422
3286
3375
3738
2035
2445
2591
2029
7680
1685
1894
6692
1467
2320
2880
1529
2707
1447
2645
4094
7032
1419
6747
1503
2182
3834
7011
1491
3220
3588
1545
3267
3315
3518
2113
2791
5466
2108
2586
7333
1494
2061
8760
1693
1830
1969
3618
3908
7166
3231
4303
9029
4229
4253
6368
3620
9147
1533
3141
6755
1399
3075
7727
3379
3849
2428
3158
5468
1477
2215
3335
1840
2074
2743
3144
3648
3166
3675
4088
7021
1844
1973
3166
1616
3021
7073
1865
2232
3814
6734
2783
9082
1867
2963
8138
1929
2311
6709
3116
3923
5541
1412
7349
1316
1368
1816
1882
1910
2488
2318
2406
6669
1517
3151
6949
3980
7690
1399
7724
1864
2055
2451
2686
1722
4018
7990
1323
2880
3791
1321
1558
4192
1925
2049
3115
6855
1432
1814
3193
7063
4662
1499
1877
7995
2766
3487
3673
6488
2218
5002
3206
4559
3727
4193
1459
2222
8190
3760
3792
5341
1420
1699
2320
2453
3239
6003
1575
2554
4273
1564
1998
2368
2774
1825
2246
7933
2372
2655
3235
6975
1848
2633
2651
2230
2504
3921
4220
1411
8532
1935
1972
2322
2350
2570
4055
1926
1356
1396
4150
6070
1398
3163
4156
2546
2886
7555
2501
8177
1804
2466
2772
4367
1344
3730
6517
2081
3329
6203
2095
6550
2979
6634
3218
3752
1631
2286
3591
6725
2019
2128
2870
3284
1638
2032
3300
6767
1481
3248
6569
2056
3857
1881
2072
2830
3364
4121
6674
1822
1938
6485
1555
2456
5915
1398
3179
1704
2309
3016
9359
2157
2603
6294
1641
7117
3363
6455
1461
1773
2427
3637
2451
7632
1781
2108
2190
2045
3113
3832
6271
1470
2235
7601
1575
1808
2753
2018
2093
2452
2477
1680
3801
9204
2586
2823
7499
4063
4196
4214
5558
3752
5885
1518
1570
9362
1776
2371
2668
3786
5310
1602
2615
3418
1611
2562
8765
3717
4052
8769
1541
2493
3373
1651
2822
5385
1520
1605
7343
1679
4148
6777
3056
6225
4187
7037
1811
2102
2316
2692
3929
3994
2476
4087
8025
1640
6679
2062
2940
3445
3838
1589
3825
5303
1391
2572
3814
7346
1809
6449
1563
6396
1587
1938
9205
1584
3134
5984
1398
4160
4260
1752
4136
6354
4158
1630
3722
2076
2420
2253
3364
3758
6437
1514
2369
2406
2784
2796
1562
2543
6673
2302
3805
8245
1600
8941
2851
3216
3280
1803
1933
2174
2584
2189
2595
3336
1701
5503
9308
2674
2752
2604
6687
1596
3698
8452
2056
2109
2205
3852
2728
3108
3223
1748
8999
3061
3466
1610
1685
5450
1947
3023
6014
3479
3737
5748
1756
2744
3573
3448
3707
8446
1493
3773
3964
3965
1682
8051
3688
4205
6336
1982
4274
5742
1739
1964
2233
3525
2646
3794
3868
6198
2230
3532
1956
2111
3562
8816
2727
8176
1471
2600
1640
2775
6671
1878
2287
2812
1667
1695
1812
6106
2027
2703
3483
1441
1903
2179
2615
1970
6512
1443
2308
2507
3269
1505
2641
7126
1620
2388
2941
3244
1590
1757
2186
5158
1498
4010
1526
2359
2592
6255
2914
3361
3944
8880
2059
3089
3236
3254
1457
1841
3006
4373
1959
2000
2114
3613
5196
1696
3028
5546
2031
2052
2336
6039
1980
2184
4381
1751
2141
2695
6897
1711
3478
3519
1774
2256
2449
2792
2345
5005
3910
3932
8235
2072
2450
3787
1797
1939
2833
2920
5146
1531
2614
3288
1690
1939
6180
1567
3081
3827
2964
2807
5706
3106
5369
1761
2529
1987
8990
1511
2519
8504
1762
2017
8150
2790
7664
2056
7383
1972
3625
3673
9189
2391
5705
3143
3247
5110
2728
3108
2971
3425
4927
3030
8978
1512
2057
6510
3721
3777
3780
1505
2517
3269
2235
5474
1930
4263
1957
8812
1891
1893
2532
3397
3359
7875
1700
7802
1907
8834
1806
2977
3672
1884
2145
2380
2943
1818
9252
1606
1923
3561
8004
1717
2077
6670
2013
7676
2626
6422
1753
3150
2272
3229
3302
7403
1701
7003
2079
3258
6896
1971
2952
3095
1591
2189
3654
6602
2556
4080
4206
4722
3398
3784
2270
3213
3584
1518
5245
1946
3092
3796
8380
1765
3738
8988
2112
2674
3559
2897
9085
1756
3201
1960
2843
3840
2028
2160
2808
7045
2029
5771
1548
1626
4111
2682
3043
1621
3228
1878
2596
3317
1530
2480
8974
2626
6228
2624
4343
3585
7488
1702
2366
2832
8112
2449
3175
3369
1654
1704
2589
3126
2007
3616
5635
2817
3302
4726
1890
2162
2622
3546
1670
2905
7294
1801
3353
7595
2537
2810
2827
8310
3621
7668
2381
4823
1690
2908
5737
1709
3809
5237
1882
2460
9031
4052
4211
9130
2004
2209
3355
5614
1578
1644
4138
2119
3522
1937
3662
7431
2080
2370
4268
6802
1609
1691
8564
1946
3796
6111
3586
6935
3376
3686
1658
3114
8071
2169
2667
5438
2068
2937
5439
1609
2095
5852
1739
2957
3113
3463
1574
2558
6664
1853
2265
2536
1718
3412
7767
1994
8131
2800
3075
6217
1596
3828
8581
4017
4125
3366
7351
2008
2369
6060
2105
2258
3840
6159
1616
3269
4327
2167
2629
7768
1694
2490
3101
2768
4273
1740
3039
3641
1921
3806
3301
3630
4036
2083
2933
5627
2929
4829
2720
5700
1659
2482
3818
2802
6862
2565
3432
1875
2853
8621
1934
3380
3455
6493
3387
3024
8202
2277
4149
5231
1685
1728
3277
7581
1713
2582
3570
2149
2443
2916
3129
2649
8994
2649
3869
4989
2207
8586
3763
3764
5845
2043
2690
3528
1678
1813
8157
1697
2964
3755
1688
3714
6334
2337
8748
2041
2079
6847
2958
3241
3778
1791
7264
8188
2100
2569
7547
2197
3142
5979
1990
2201
2294
6029
2267
2333
8762
2006
2015
2334
2047
2707
3857
6586
2429
2705
4979
1890
2524
2878
3080
2643
2988
1990
3402
6104
3715
8826
3728
5519
2121
2755
4656
2802
1844
6448
2281
9148
1906
2922
3847
4838
2088
2546
8139
2113
3643
5259
2814
3890
6253
2405
2906
7477
2090
3310
8494
3075
6229
2882
2895
3172
1752
3852
8267
1687
1805
2213
3578
1671
2305
2807
6033
1913
1984
3164
1674
2168
6366
2471
8561
2169
2170
2233
6423
3754
6658
2275
7100
2295
2434
8741
2786
6903
3643
3666
2310
2484
2631
3294
1991
2775
6482
1827
2126
2205
3852
1755
1987
2579
5592
1672
2986
8151
1715
2193
2318
2736
5575
1658
1890
7423
2142
3008
3094
3815
3026
6812
2479
3324
3807
5537
1986
2688
3151
1880
2619
2911
6009
2714
2878
2551
3817
8548
2106
2354
3723
1901
2721
2948
3347
2432
8727
1822
2351
3174
2104
2960
7945
2167
2306
7877
1970
2615
2918
3418
1746
3190
3328
2306
3803
7769
3219
3235
1689
2709
4146
1729
2471
3281
3765
3766
1796
3502
3536
3223
3391
2225
2620
3859
8412
1720
1744
4144
6616
3192
8970
1708
2098
2103
3216
3276
8550
3191
8084
3721
4058
1985
2313
2826
2349
2408
8103
2294
3610
3891
9225
2529
3130
6183
2043
2316
2242
6058
2320
3402
5818
2965
6846
7954
2475
6643
1746
3352
3600
2214
2336
2889
4951
2084
2515
6592
2362
4860
2779
3339
1916
3184
8166
2563
3836
9162
2769
9338
2166
6324
1878
3431
6768
1836
1925
4674
1813
3522
4771
3088
7099
1837
3057
7745
3678
8443
2139
4593
1859
2194
3315
5660
2110
2647
2703
9201
2178
1772
1998
1955
6788
1754
2673
4183
3065
3248
3563
1963
3010
2032
2265
8257
3592
5469
3678
7515
1849
2955
6652
3664
3824
8196
2385
2896
1762
3633
7448
4140
4174
2237
3757
6521
2450
3715
8077
1759
1794
2467
3011
2028
2786
2962
7377
1767
1950
6094
2161
2167
6794
1866
2841
2975
9181
1820
6101
2045
6800
3265
7746
2178
2326
3262
2260
3044
5810
2090
2298
3664
1754
1758
1858
2275
5912
3580
7402
2411
2991
9022
2164
2338
3889
2679
2716
3734
9237
2183
2830
3214
4917
2227
3428
3676
1965
7112
1760
3810
2197
5449
2438
7445
2821
3363
1760
2238
2280
2915
7868
3555
4162
1864
7671
2014
2511
1889
2971
5400
1966
3216
3232
3970
3030
3326
3375
2152
4094
2351
2360
2460
1775
1790
7245
2107
3450
8153
2054
6232
6231
3313
5847
2345
2514
7335
2058
3175
4949
1819
1847
2824
8162
1959
1997
2330
3477
2909
3590
2097
2285
3880
6665
2478
2489
7304
2903
7712
1812
1943
3600
1871
6026
2133
3297
5815
1897
2092
8524
2037
2580
5371
2412
3771
6347
2304
2485
2543
6727
2133
2702
6678
1819
1826
3793
1883
7115
3192
6603
2775
3542
3830
6675
2619
2915
5632
2608
2835
3874
6083
3208
8751
3249
3797
7852
2416
3923
1926
3859
8066
2532
3397
1888
3480
8730
2307
2840
3748
1912
3012
3640
1908
3130
7942
3887
6012
2771
2980
4681
2077
2333
6391
3185
3540
1995
3142
3473
3788
9179
6279
2853
3264
1956
2143
2846
6558
4242
5179
3031
2573
6316
1922
2487
5920
2656
3002
2319
6515
2166
2455
6333
2211
2440
3036
3128
2408
7979
4222
7241
2039
3152
7404
1870
5799
2530
2596
8588
7968
1895
3604
5621
4066
6845
3138
3491
1872
2782
2863
3967
9020
2445
2591
2798
3187
1995
2124
2702
3082
1958
2424
2826
1899
3712
8738
2231
3098
3599
2662
2911
4999
2607
2730
2875
6796
6478
2219
9000
2226
2250
3365
9006
2292
3509
1986
5396
3000
3406
3812
8785
2262
3677
8776
2054
9355
7901
2494
3308
3552
2001
3034
3731
5583
2572
2595
2744
5840
2235
8563
2031
2453
3466
6281
2934
3834
5690
2051
3346
5528
3130
7682
2224
2884
3042
3435
3684
4721
3317
3384
3419
3143
8448
2143
2856
3193
3271
2415
9331
2369
2718
2680
2846
8163
2252
8469
2035
2237
3757
4713
2315
2457
3264
2151
2928
4466
3605
3649
6789
2416
3147
2288
2923
2961
2450
5317
2360
9335
2143
2856
3595
7751
2026
2974
3790
4550
2223
3221
3266
1998
2069
7908
2197
8930
3823
8134
7740
2153
2256
7591
2465
2757
3165
7606
2153
3657
8214
2008
6400
2952
5580
4167
4212
5185
2154
3022
3454
2137
2523
3176
5973
2074
2957
3113
1951
2041
2609
6829
2585
3452
7681
2107
6631
2042
8747
1920
2528
2794
4016
4020
4239
7244
3151
2508
3543
3656
2317
7900
2599
3709
5993
3491
5651
2358
2803
5837
2296
2466
2289
2397
7539
2960
3188
2589
2877
3210
3401
3462
3599
1944
2679
6290
2396
3096
3140
2806
3023
6256
2073
7033
4278
4297
3950
5314
2264
9428
5856
2620
2121
2411
2733
3244
4199
5695
2530
6784
4020
7311
1945
3745
2296
2579
6416
2148
2634
5462
2711
3256
3378
2502
9153
2156
2503
3745
3869
2534
2858
3097
2541
3798
8316
2076
2936
3564
2086
2433
3152
3335
2064
2426
3203
4438
2686
6466
2200
2391
6344
2156
7160
2249
2967
2128
2870
2773
6359
2616
3260
3511
6226
3043
3145
2041
2092
2186
3454
2282
4001
4921
2828
7145
1967
3300
3074
6748
2279
7578
3467
8463
3839
8960
4213
7614
1968
2034
2375
7925
3636
6318
2882
3090
8925
3958
6570
3153
7733
2013
2958
2213
5758
3135
6464
2590
7604
9166
3028
7735
2151
3087
3102
3351
2247
3239
3516
5745
2371
2601
3608
2293
2794
1993
2539
7692
2986
3052
8829
2231
2999
3593
2610
3458
7964
2324
5287
2024
4117
2905
7409
2253
3757
4724
6425
2576
2700
2010
2221
8595
2024
4140
4141
8830
2095
6469
2773
6431
2549
3602
3845
5561
2132
3549
3579
1999
2500
2583
6424
2712
3969
5824
2761
3004
7771
4936
2004
7811
2590
3338
7667
2462
8127
3032
3767
8420
2342
3311
3767
5211
2547
7784
2054
2953
3735
5903
3429
6019
2824
3139
3820
2294
3167
3595
5051
2117
4184
6000
2470
3058
7700
3997
4034
7224
2375
8425
2471
3863
8733
7256
2357
2505
8292
2783
2871
3633
2950
5465
2082
2335
6992
2078
3156
4414
6637
3105
6025
2848
2935
2974
4143
8809
4081
4822
2935
3063
2752
6642
7341
3159
3504
2134
2389
3198
3641
2888
2997
2116
2629
2292
2824
3139
3401
3383
3594
6304
9170
2134
2942
5953
3368
6176
2172
2196
3131
3456
2126
2992
3424
3415
3762
8334
6823
2179
3063
2404
8544
2319
2747
9334
3525
3831
2745
3528
3040
3413
4139
2239
3103
3799
7718
2060
2789
4698
3219
3873
8823
2701
3479
2419
2997
3545
2150
2804
3215
3001
2993
3130
6221
7215
2530
6745
2178
2256
2326
2181
3530
7612
2089
3638
2630
2681
3041
3495
3837
8560
2135
2260
3250
9245
2696
2972
4403
2713
2925
2931
3178
2288
8722
3056
4082
6353
3969
6080
2286
2368
3624
2474
2801
3645
2507
3704
7163
2750
9182
3750
6763
3140
6494
2859
3207
3659
8591
2177
2267
3496
3566
2874
3043
2729
3273
2848
2304
2867
3458
2897
3138
3605
2297
3005
3521
2635
3134
7538
2163
2215
7669
2194
5974
2776
2866
3249
2946
4711
8110
2335
3458
5819
2609
7393
2458
2835
5607
2602
4572
3506
3213
3584
3692
5501
2312
2339
2608
6559
2738
3275
2253
2872
3350
4799
3788
8228
2746
4812
2251
3571
2357
6005
2553
7314
2720
3578
3275
7252
6268
3038
3091
8559
3648
7444
4116
5157
2330
3338
8288
4009
4813
2161
2536
6740
2221
4142
2809
4117
8793
3264
4948
4095
4096
7518
2991
8339
3710
8161
2444
2694
2839
3642
2258
3554
8277
2130
3482
4745
5197
2203
2407
2750
2830
2304
5896
2218
2898
7699
2872
3349
3769
4127
5370
2539
2891
5294
2306
2239
7535
2492
2637
3044
2237
2591
6307
2763
3083
3451
3474
8732
3687
5508
2227
3803
3206
3816
4364
7164
2640
3405
8106
3836
8324
3752
4301
2584
3193
3271
2355
3029
7950
2489
5985
2361
4347
2627
3079
4217
3110
3263
2391
6630
2617
7481
3882
8092
3326
3659
2979
3323
2687
2842
3282
3597
2234
3560
3813
2629
2994
2188
7465
2268
2433
3097
5000
2175
2273
2401
3993
2995
3675
2478
3009
3107
2624
3612
2624
2715
3090
2177
2267
2562
2188
3646
7615
2439
2440
2771
5246
2190
2634
3275
2278
3996
3407
6739
7369
2263
6556
3750
8208
3158
5451
7019
2407
3337
3531
4465
2228
4067
4070
8523
2405
3567
8345
2845
3131
2744
7540
7565
3186
7558
2646
8125
3267
6704
3645
5667
3461
3566
4472
3386
7695
3311
3535
7548
3771
3777
8049
2612
6269
3402
5782
2209
2522
3355
5780
2425
4022
4852
4186
4277
3335
6289
2648
5477
2348
2473
2601
2440
2790
7549
2347
2547
2296
2638
6541
2855
4761
2648
3424
7247
5857
2888
6292
7627
4143
6311
2911
3003
6394
2879
3489
2374
2531
2244
6591
3598
8203
6065
2232
3534
6753
2642
3627
5410
3360
4914
7670
2236
3180
4059
3922
6312
3304
2982
7106
2393
3463
6410
2884
3814
7080
2305
4069
4169
8073
2279
2262
2737
2389
3800
2714
2759
7108
3171
4173
6872
3939
6112
3237
3240
3520
4156
4157
4791
2386
2454
3782
3883
2291
2446
3072
2621
2899
3290
2383
2582
2748
6787
2343
2618
5988
3056
4075
4219
2469
8040
8476
2313
2552
3334
7826
4186
4188
8079
7395
2587
2883
7425
2357
2702
2383
2748
3493
4504
2347
2522
2979
8775
2636
5773
3581
3724
4002
8275
2831
2891
3215
3549
2809
2567
3211
5263
3526
8386
3661
7219
2684
8821
3169
3422
3512
2855
3358
3457
8457
3194
3407
2639
2918
5039
3825
4089
7134
2401
5386
4821
2512
2567
7835
2604
3298
4002
9372
2461
4019
4719
3952
6534
3983
9159
3647
7916
2818
3390
6801
2911
4976
2890
3111
3674
2586
2823
3103
7596
2526
3489
8487
2877
7960
2860
4219
7222
8305
2517
3286
3295
6539
2564
5388
3660
8118
2397
2648
2734
7316
2611
3012
3119
6972
4153
4211
9076
2423
2396
2671
3333
8123
6024
7841
2584
3562
6908
2641
2652
4428
3026
3374
3437
2819
3531
5704
2646
3212
3856
2410
6644
3243
6399
3704
4392
2623
8954
9248
3598
7843
3100
6766
2351
7899
2457
3189
6944
6465
8047
2843
3045
3661
3397
4774
3532
3533
7344
3135
9314
3065
3137
3173
3609
7057
3244
3836
6091
2418
5545
8764
3150
6097
3171
3284
2502
5800
2635
3236
5059
2762
3672
4730
2410
2414
3733
2395
2916
7792
2516
4128
8605
2749
3032
6549
3015
6049
2550
2892
3199
7419
3000
3406
2465
5188
5739
3711
3828
6947
2417
2834
5938
3545
3673
6411
7407
2865
3192
7083
3024
6780
2800
4904
2664
3492
7972
2823
2995
3316
7443
2838
3181
3441
2504
6339
9030
2377
3037
4393
2880
3760
4862
2464
3992
5914
2485
3289
3523
7760
2603
3182
7557
2877
3270
3509
2463
2731
3066
7441
3653
7834
6188
2729
3422
3444
3820
7967
2462
3034
3219
2500
2547
3395
5155
3817
9023
3205
3589
2818
3019
3122
6749
3102
3527
3558
2525
4053
7466
2412
3771
6259
3669
3865
7797
2423
3929
3989
3168
3599
2616
2946
3592
2608
3875
7588
3781
4869
4256
5874
2578
2755
5926
3170
7762
2657
3035
6293
3022
3210
8922
2863
6428
3073
3083
3440
2940
3637
3014
7035
3054
3251
3324
3807
5257
2902
3077
3247
5115
3361
3855
5349
2431
2493
3077
5383
3752
5174
9001
3310
4664
2515
6608
7744
2594
2650
2499
2663
2559
9344
4060
6156
2447
3399
3502
3607
2510
3732
7494
2542
3469
3962
4083
2708
2917
2978
2496
2545
2640
2435
3060
6222
3326
5750
2951
3195
3410
7050
2610
8336
6015
2750
2811
2841
2611
2735
3014
2910
2940
5008
2470
3800
6274
4203
4973
2906
3053
3567
9221
2483
2597
3373
2576
8725
2858
6302
8975
3486
3794
3037
3558
7186
6628
2731
3447
7452
2849
2980
7533
3700
5419
3686
5221
2858
3029
4961
2550
3327
5649
4871
2879
4958
2574
3536
6356
2710
2788
2945
3527
7285
9368
3600
7643
2458
7777
2888
3105
3884
5238
3075
3166
7759
3009
3376
2623
6997
2555
2966
2755
3161
5507
3267
2513
3925
3447
5601
3990
5929
2778
2898
4391
2662
7892
2568
2577
2592
8807
3359
3519
3571
2756
3635
8782
3010
3019
3357
3651
3608
6985
2763
5543
2490
3165
3629
2926
3739
4687
2950
3312
3874
7274
2861
5458
2917
2978
3802
6535
2605
9350
3391
7417
2819
3501
7708
2867
3202
3069
3380
3830
8354
3793
3518
3734
5821
2976
3027
2581
8348
2557
3005
3100
5297
4073
9231
5380
2506
3668
4173
2733
3053
3567
7440
2840
9058
2883
5423
2825
2873
4115
3117
4645
2814
5213
3976
7702
2889
3545
2649
8091
2568
2654
3778
9397
3308
4267
7185
4657
2512
2966
3011
5368
2608
3257
8410
3864
9021
3211
6924
2900
2910
7342
3005
4285
8606
2643
6932
4154
6791
8126
2859
2956
3289
8317
3439
4174
8500
3007
5877
2763
2801
3513
2622
3386
8414
3370
3765
4054
3072
3540
3564
3940
5100
7276
6313
3465
9346
3698
7619
2807
3296
6088
2916
7776
2606
3042
4080
6412
6585
2757
2778
3451
2732
3705
7081
3038
3057
2845
3353
3416
6345
3369
3761
9330
2581
2554
2577
2592
2768
3747
9432
2892
7553
3636
2695
3380
3804
6756
2749
3033
3500
2816
2951
3052
8827
2603
3268
3621
2800
7317
2613
8761
3257
7732
2606
5591
3259
3408
3498
3834
5749
2733
3078
3167
3093
3319
7707
2973
3064
3396
2829
8372
2699
3587
3835
3118
3521
3535
3768
7815
3402
6082
3097
3662
4180
4220
3066
8400
2819
3861
5708
3013
3045
3342
3570
2962
7379
2684
3442
3013
3399
3529
2580
3101
7674
2579
8989
2613
3088
5069
3132
3148
3603
3202
8347
6655
2814
6601
7188
2630
2721
3041
2942
2814
7447
3934
4234
7265
3494
7650
6182
8598
2644
3256
3287
8534
2978
8019
3305
6624
8569
2976
5389
3517
8415
2625
3252
6027
5292
3711
7952
3035
3070
3371
6987
6895
2986
3052
9348
3420
3534
2667
3133
3612
2959
3145
3332
3438
3253
7105
2716
3497
4651
5289
7878
3321
8219
2627
5791
2984
3092
3860
2662
5812
6870
2930
3239
6148
3131
8279
2739
2862
4419
2740
2876
3381
3504
2691
2866
3797
8315
8256
3405
8512
2683
3631
9401
2901
9037
2738
7608
3254
3615
3002
3250
6532
2937
3132
2854
2894
3623
8811
3025
3544
2820
2944
3849
3050
6922
2711
3383
3655
2869
3228
3470
5618
3091
3185
3540
3054
3362
5965
3123
5347
3433
4361
3127
7994
4181
8232
3034
3323
2935
3696
5779
3606
2785
2850
3579
5299
2904
2912
3062
8935
8840
2969
3107
3625
6435
3329
3336
7446
2761
3129
3609
2753
3533
6827
3104
8431
3068
6900
3127
3608
6984
3039
3845
8222
4103
4237
6358
3025
3433
7161
2759
9062
3505
7151
3204
7303
3416
3533
4708
4271
4275
9333
2780
4280
4085
6166
3735
2746
2985
3074
3078
7573
3258
6909
3195
3410
5752
8982
3282
9411
6438
3222
7433
4991
3049
2745
6660
4094
3928
3993
2781
2987
3400
4942
3169
3238
5835
3069
6874
2904
3070
4551
3928
3929
4981
4268
4277
2861
6991
2719
5589
3737
5081
6434
3255
5075
2919
3490
4305
5282
5004
3742
4124
4767
2828
6545
2834
3388
9156
4183
5949
2732
3558
7094
5886
3971
5813
3227
3553
7479
2857
7337
2917
3196
5899
9371
2897
2933
3209
3321
6158
5599
9317
3484
8615
3221
3266
3304
8343
3146
3296
8078
3547
7214
2973
3784
5481
3104
8181
3625
6593
3575
6017
3409
3463
3612
3201
3261
3539
7450
3505
6971
3253
3475
4386
3100
3572
8979
8777
3066
7485
3802
4788
6054
4076
6501
4105
7434
2990
3096
8735
7464
3817
8543
5738
2769
9336
3013
3570
3245
5566
9055
2754
3042
4201
6672
3876
6866
3944
4177
6813
2947
3137
3799
7685
2810
7629
3403
3507
3529
3536
3114
3930
3218
4015
8023
7739
2777
3306
5678
7620
4186
5283
3060
3794
3867
3870
4099
2887
3126
3861
4055
4132
4195
3036
2982
3012
3593
3176
3513
8480
3829
2892
3476
5266
3464
4193
5062
3474
8300
3432
6452
3911
4276
2844
3093
3191
2985
3430
6303
8032
6760
3123
3200
3305
3336
3684
3685
4194
9007
3367
7082
3115
3425
3541
3128
3394
3643
5605
3263
8321
2865
3124
3192
3842
2806
7234
2864
3006
3098
7111
4139
6714
7519
2891
3177
7587
2885
3689
5522
2903
3753
5764
3441
3502
3607
2831
5569
3329
5836
2870
3670
3281
2869
3470
3560
4119
8795
3629
3680
2975
3787
7150
2818
3651
9048
3498
4129
2968
3837
3895
5763
2892
3658
5478
3229
6085
2938
3862
2836
3860
5641
5162
3099
3144
3148
3665
5633
2885
4208
8541
3299
4894
2956
3707
8313
3413
4273
8371
5340
2850
5688
2927
3866
8129
3017
3249
3476
3434
3537
3257
5931
2907
2944
2984
4790
3331
3622
8981
2951
3238
7394
3747
7574
4307
9183
3106
3222
7025
8958
3340
3472
6092
9138
9187
3718
3969
4048
3697
8711
3241
7959
3123
3549
3276
6662
3170
3198
3254
3626
4752
2989
5956
3036
3601
3201
5783
2878
3347
3484
7467
7961
3552
7226
3587
3809
3180
3802
8665
3430
8186
3008
3087
3094
7473
5309
3183
8366
3428
3596
3776
8352
6964
7116
3319
8090
3482
8069
4112
4204
8522
3140
3409
3318
5472
5011
4913
4992
5539
3237
3349
3481
4697
3591
7912
3064
3396
4201
6741
4207
8556
3199
3320
3016
6765
6207
6365
3164
3338
5657
5709
2991
3656
4650
3530
8473
3440
3647
7891
3245
3875
6035
8389
7624
2930
3427
5473
3548
6219
9194
3058
3393
3639
8154
3125
3371
7426
3227
3343
5516
6496
3611
4101
6130
3495
3622
3125
3443
3616
3520
3886
4889
2969
3009
7653
2961
3662
7893
5932
3135
5043
4218
3024
5121
3055
4179
4180
8803
3024
4960
3406
5892
3146
3569
8107
3343
3595
7723
3417
7527
3270
3644
3865
3496
3566
2946
2981
3592
3276
3588
3595
4998
3843
3853
3450
5404
3099
3148
3833
6832
3038
3182
5392
6270
4092
5124
3076
3111
3492
3609
7920
3088
3835
7089
3103
3588
3866
8041
5402
3367
3539
4485
8218
3161
3617
6194
2983
3449
5107
3314
5542
7312
3494
7460
3001
3315
3518
3582
4066
9215
3548
3816
6685
3577
3706
3409
8965
3594
7714
6736
8012
7896
3305
3384
3390
4042
8370
3691
4289
6754
5493
3015
3482
8772
3309
3514
3487
3362
9218
3442
3541
3014
3096
3667
9223
3322
4568
3435
3788
3177
6028
3464
3968
5598
9327
3994
3330
4684
3638
8613
3462
7044
3386
7805
5412
5995
3488
3191
3050
8983
3051
5486
3059
3443
3667
3617
3029
3404
7075
3598
6095
3082
8870
7046
3174
3379
9357
3486
6266
3085
3127
3456
7360
3550
7203
3548
8953
3559
9358
3063
9120
6433
3445
3477
3503
5269
3087
3351
3250
3372
6325
3485
4384
7633
3109
9226
7579
6905
6372
7043
3243
3299
3374
3572
3071
3345
7545
3288
3700
6441
6522
3071
3679
3792
8403
5568
5731
6201
3068
7091
3031
6881
3177
3215
7543
7365
3152
8014
3437
3245
3245
3277
8417
6223
3119
6723
8455
3156
3496
5394
7528
3858
4113
6553
7599
6720
8530
3471
6323
3399
4412
3909
4226
4272
3231
3984
8156
4778
3233
7233
3286
3479
3143
3268
3334
3167
3343
3674
5587
4178
4181
8802
3182
7754
3557
7617
6459
3673
6146
3486
5936
3303
8716
8745
5264
3635
6529
3261
3668
4173
6824
3133
3544
3428
3542
3203
4637
3446
3791
5232
3537
5034
5927
3404
3674
5364
3391
7666
6352
3347
3386
7626
3657
6500
7935
3448
7919
6384
3224
3325
3646
3332
3762
5582
4432
3587
3158
3170
7820
3196
8756
3564
7730
3859
8393
3340
8155
3234
7048
3302
3604
7526
4516
7766
3168
7049
6635
3259
3833
8318
3234
7184
7610
3782
3239
6315
5407
3223
6826
3563
8519
3395
3891
5329
3226
8407
3338
7585
3303
3401
6604
6288
3915
8270
3385
5517
5676
4209
9040
3510
6651
3203
3640
3356
8075
3506
6609
4302
5865
7396
3841
8489
3667
6769
3387
6779
3325
7694
5007
9184
9318
4511
3535
5930
3346
3229
3937
7250
3316
7463
3292
4753
3303
8718
6854
3369
3469
3480
6187
8416
3603
7661
7516
3314
3472
3160
4082
7109
5497
3278
3459
5252
6007
6467
7577
3216
3957
8020
4155
5702
4160
5538
4449
3214
3291
3294
9213
3508
5921
4075
4083
7093
3630
3666
4072
3179
3348
7659
8384
4956
9219
3485
6916
3421
5904
7803
3552
6994
3196
3426
6835
3316
3675
6461
3614
4844
5098
5754
3187
3359
3553
7757
3242
8044
3189
8611
3331
6856
3659
3289
7530
3188
3210
3220
7652
7625
3373
7649
8169
4059
9105
5454
5871
3551
3658
3388
3322
3367
3790
6910
7534
3327
7570
3483
7410
5869
3523
8367
4499
3368
7378
7910
4555
7722
3507
3548
8750
3260
3450
6680
4946
5336
3293
3465
5939
3441
9287
3354
3531
7483
3991
4208
8286
3266
5578
3866
7894
3808
5337
3352
3580
5116
3699
4995
3911
3912
4230
4250
3263
3313
3415
8293
3366
6907
3512
3618
4224
5271
3974
4228
7098
7074
3530
5049
9229
3422
3575
3885
5334
3330
5760
3290
3348
3427
3482
4769
6051
3471
6346
3639
6525
5391
3585
3505
5777
3290
3318
3516
3550
3593
7537
3483
3579
8525
3508
3517
6946
3374
6921
8220
3271
7398
3353
3876
7385
8238
6773
3311
3500
7726
5164
6472
6848
4405
3576
7880
7364
3344
3360
4267
8848
3501
5421
3737
6309
7357
6712
3602
7594
3332
3438
3628
3620
3903
4696
3663
6822
3423
5576
3547
7480
3480
3839
5873
3670
5999
3691
5895
8742
3383
3411
3589
3372
6579
3577
6086
3354
3468
3679
3511
4668
3499
3855
3631
7701
3375
6607
3340
8068
3594
6319
3583
4638
8788
3341
6803
4037
4138
6193
3421
3616
4220
8341
6776
3671
4699
3515
3547
8423
3360
3893
7956
3524
3664
3768
3875
8436
3459
5741
6189
5623
3665
3538
6930
3348
5428
3423
3633
3327
3394
5456
5268
3382
3583
3731
6778
3385
3425
8453
6298
3642
9320
6243
3584
3778
3495
3514
5250
3433
3475
4413
5076
5447
7454
3862
7124
3544
4463
3423
6880
6191
7642
3365
3568
9004
3446
3476
3658
6509
7631
5325
3350
3520
3481
9168
7191
6002
7469
8395
3436
3703
3419
3538
3663
3431
3891
6551
3467
3601
3613
7793
3365
3376
7638
5060
3454
6587
3481
6623
7273
3583
3603
3648
9286
4052
6492
3436
3585
7613
6893
5734
6729
3490
8516
3380
3804
8526
3561
3709
8054
6783
6326
6902
7801
6718
3426
8757
3604
3642
7637
6840
8518
3417
3879
4247
7355
3557
6530
5480
3636
3890
3783
5457
8391
3610
9290
4408
3569
3981
7825
6645
3485
3815
6793
3424
3492
3669
8115
6031
6863
3521
6928
4636
3501
3575
6341
3459
7716
6891
3447
3602
3846
7544
3628
8408
3876
4670
6244
3623
6008
3999
5145
3430
3744
8223
3604
5860
7361
5622
7382
4760
3440
3537
5452
8355
6090
3534
3610
3651
3767
5992
3652
9160
3671
3701
7536
3498
4831
7470
4176
4267
8846
7885
9281
4820
8737
3512
3935
6102
5817
3551
7616
3573
3647
5045
3452
3576
3644
3578
3707
7763
3669
7736
3719
5441
6708
3830
6511
9234
3494
7686
7095
3628
6284
3475
3550
3652
6821
6463
3672
8599
6385
3892
8464
3759
3792
9208
4213
8273
6798
4072
4073
3569
6277
3480
3554
4974
8450
4385
7634
3894
7560
3571
7836
6706
8390
4923
3493
6234
3625
6542
4049
8837
8488
8515
5459
7592
3529
4513
3613
7356
7230
7879
5020
6310
3845
8440
5346
8619
3838
3894
7898
8362
4162
6016
3816
4620
6056
5129
3569
4289
6705
3605
3649
6098
6264
3837
7975
3598
8421
5766
3574
3676
9364
3553
5057
4924
6804
8546
3629
3680
3824
5077
3591
6380
7406
4505
5147
4490
3623
7710
7088
6192
3615
6573
6841
6959
3789
4495
9174
5417
3776
6808
3565
8458
4503
6362
8447
3597
7576
7221
3631
7648
3678
3839
4959
3677
4163
6888
3563
3635
7169
6383
4171
6963
3614
6079
6537
7411
8590
3617
3656
3666
4421
3668
7147
4566
7863
5189
3654
5967
3596
8353
5976
7816
3680
7654
9316
5247
7408
3632
7867
4134
5879
4640
5444
9249
5944
8554
8042
8426
3611
9035
3624
7996
4425
3655
3676
3775
7103
4441
7551
3893
8215
3654
7242
7980
3640
4537
3661
7001
8165
7532
9256
4071
4515
8272
3649
3626
7847
5922
9342
7205
3913
4228
4229
8620
9157
7765
5013
7546
3822
7883
7837
3632
3736
6181
7630
7781
5823
3679
3850
7484
3639
5463
6581
7788
7260
5842
6299
4507
7721
7603
5574
3669
5133
3754
5834
7641
3653
6133
4931
3671
4192
4193
9238
7232
7840
5943
7711
4654
3698
4828
5553
5070
9045
7171
7474
3970
6956
9258
3799
6377
8307
6594
4267
6160
7380
8961
5597
6432
6973
3810
7475
7640
8142
7590
3982
4262
4710
3683
3906
4278
8087
3954
4297
4165
4218
9178
3687
9195
4190
7014
3930
3932
8438
4051
4052
4054
4290
3983
3950
4246
4249
4253
4011
4077
8065
8810
3697
8709
3699
8098
3701
3702
3703
7628
3703
5880
3705
7153
3707
7756
3709
5744
3711
3712
6663
3713
3713
3832
5335
3715
5009
3716
9244
4045
8832
3727
8198
5717
4114
4115
7728
4061
3723
5872
3726
3850
3726
3850
9088
4001
4002
4189
3729
3730
3731
6393
3731
5588
3733
7418
3735
5893
3849
3850
3738
8470
3740
3742
3741
4087
4123
4090
4113
4706
3744
8226
3774
5046
3914
4244
3748
6520
3750
8209
3751
6554
3754
5755
3756
3781
9127
3758
6382
3760
5320
3762
9255
5228
5611
4047
8868
4045
4047
4049
3768
7764
3770
9367
3795
6089
3780
9126
4261
6210
4242
3776
6875
4005
9393
4006
4007
4003
3782
8185
3784
6157
3786
8547
3788
9257
3790
4470
3792
9202
4223
6283
3796
9200
3798
8314
3800
6337
9207
3804
7696
3806
6929
3808
3809
5409
5251
4184
3812
4294
9253
3814
6853
3816
6876
3818
5058
4038
5784
7992
3822
3828
3831
7861
3824
9056
7038
3963
4149
4252
3828
6913
3830
6970
5345
6677
3834
6744
3836
7051
3838
7946
3840
5853
3842
9292
3984
7405
4018
8304
3846
8402
3848
9041
9083
4046
4265
7078
7597
3878
3921
4178
4179
3856
6276
3868
6417
3858
4090
9383
3860
7041
3862
4196
5229
3864
9002
3866
7862
3868
6132
3884
4983
3967
4097
3872
3873
7139
3924
3963
4252
3896
3925
3875
5978
3877
8329
3915
3991
8302
4090
4241
9259
4028
4906
3884
3898
8996
3884
3899
4848
3886
6513
4074
3888
3889
3901
8998
3900
3891
6357
3893
3894
7897
3895
3895
7673
3897
3924
4907
3925
8128
3899
4003
5136
3901
4972
5532
3904
4270
3905
4732
3905
9024
4854
3908
4272
4225
4272
4226
8229
4223
4224
3915
3921
3987
4686
4249
4250
4876
3916
4227
4242
3943
4243
9340
3918
3919
6764
3920
6595
5816
6758
3928
9014
3931
3927
3927
9345
3961
4880
4945
5305
3943
5224
3943
3948
6654
5946
3936
3937
4258
3938
4269
6178
3939
3939
6206
4283
5127
4200
7774
4215
3991
4215
6646
3946
3947
5044
3949
5239
3949
8258
3991
4178
4207
8249
8179
3953
4064
4187
6308
3956
4089
8813
3956
4297
3963
8031
3960
4136
3960
5664
6882
3963
4089
4149
7325
4000
4033
4035
6300
3971
4281
4714
3972
8287
4281
3974
3999
4695
6481
4030
7010
4253
5021
6886
3980
3981
4286
9347
3979
3980
4151
4952
4290
4303
7243
4026
5482
4262
4264
6484
3988
4241
4291
4246
4253
6121
3990
6999
4232
7090
6048
3996
5390
6436
4010
8814
6047
4046
7319
4020
4068
4261
9096
4005
4007
4275
4006
9349
6143
4159
4295
4296
4296
4298
5192
4013
6115
4883
4068
4166
5970
4036
4040
4274
4302
5637
4263
4024
4307
9185
4023
4307
4197
4197
9180
4028
4266
4027
8520
4028
4031
4032
5726
6977
5470
5442
4035
6069
4046
7174
5565
4040
6149
4039
5661
8146
4059
4067
4108
5167
6868
4050
5212
8200
9008
4053
9033
4054
9042
4056
4131
4066
4132
4068
4166
6596
4157
8119
4159
4061
7422
4106
4198
5549
4074
9175
7190
5960
9036
4071
4084
4098
4082
7024
6599
4078
4080
4215
6398
7800
5242
4219
7286
4101
4104
9190
4087
4090
5535
5403
4093
4104
4846
8822
4092
4206
8252
4185
4118
4872
4096
4217
6514
7071
4099
4100
5244
4099
5906
4118
4103
4105
5833
6144
6131
4109
9051
4110
9167
4159
4168
5656
9169
4114
4135
4138
4858
4123
4139
4116
5841
4116
6830
6795
4119
8792
8794
4136
4291
4294
4130
4175
4127
6894
4124
5798
5776
5193
4187
6699
4284
4718
4842
4134
4133
4929
4195
4199
4214
6050
4137
6757
5846
4143
4659
9124
4144
4146
4183
4671
4145
4147
6205
4147
4284
6414
4150
4190
6462
4153
4155
5047
4153
4155
7449
7453
4209
8509
7456
4158
5108
4205
4260
4169
6010
6213
4163
7414
4167
6061
4305
4307
6561
4301
4786
4169
4203
4172
4177
6983
4172
4231
7023
4176
4655
8825
4231
4248
4220
8331
4181
8805
4874
8113
4184
5948
4202
8080
5989
4277
5173
4193
5068
4192
4194
8618
8624
4218
4196
4214
4198
4216
7748
6245
4201
4221
6134
4231
4206
8584
4987
8254
4208
5088
8804
9050
4676
4231
4248
4225
8622
4226
5434
8231
4243
4230
5712
4249
4743
4234
4239
7180
4235
6230
4240
4306
4238
9211
4240
4263
4247
5187
4245
4797
8295
4250
4292
8617
8603
4252
7102
7162
4255
4297
7267
4729
4259
4268
4269
4263
4899
6454
4270
5499
4278
9254
4279
4280
4281
4939
4283
4285
4285
5677
4288
4290
4288
6030
9343
4290
4292
4293
5701
4294
6348
4298
8680
4300
4751
7167
4308
6737
6209
4310
4314
4383
4518
4388
4517
4519
4312
4313
4326
4400
4360
4517
4562
4314
4516
6974
4517
7015
4317
4327
4523
7302
4321
4377
4529
7259
4357
4524
8987
4349
4468
4534
7334
4340
4343
4482
7236
4407
4474
4544
7246
4334
4530
7291
4395
4421
4458
4466
4352
4366
4509
4520
4353
4416
4512
8062
4354
4368
4495
4526
4360
4403
4516
4392
4525
4377
4532
4594
4642
4588
4610
4627
5491
4371
4467
4550
7137
4338
4437
4555
6890
4383
4388
4396
4633
4341
4401
4423
8713
4410
4531
4356
4391
4536
4623
4357
4392
4440
4581
4384
4409
4508
4628
4348
4556
6926
4437
4559
4606
4638
4418
4540
7329
4344
4464
5178
4349
4350
4489
7934
4419
4539
4371
4491
9421
4363
4494
4597
4633
4481
4535
4572
6807
4370
4443
4466
4436
4558
7779
4535
7372
4484
4535
8717
4393
4394
4446
4505
4413
4511
4367
4498
4576
4446
4514
5253
4426
4438
4486
4561
4457
4530
4624
4456
4582
4427
4590
4643
7874
4375
4442
4627
5556
4519
4565
4376
4413
4428
4372
4373
4427
4432
4396
4469
4596
4617
4619
4628
4379
4416
4426
7496
4420
4522
8585
4425
4578
4449
4528
4370
4394
4450
7502
4393
4458
4401
7262
4382
4443
5236
4381
4441
4381
4382
4422
4465
4376
4429
7420
4414
4424
4448
4591
4469
4542
4543
4599
4380
4386
4422
4385
4389
4472
4425
4453
7993
4479
4634
4432
4513
4386
4420
4438
4406
4412
4571
7135
4522
7731
4424
4473
8009
4445
4455
4505
4557
4531
4578
4528
4454
4455
8475
4402
4453
5279
4460
5079
4435
4437
4608
7253
4477
4570
4571
4592
4431
4523
4610
4630
4430
4552
4564
4568
7036
4421
4472
4473
4552
4565
4447
4489
4538
4574
4431
4525
4587
4545
4602
7189
4408
4545
7373
4490
4546
4450
4616
7575
4533
4591
4482
4611
4630
6993
4546
4601
4420
4429
4480
4429
4454
4492
4835
4422
7997
4459
4558
4616
7709
4419
4542
7322
4543
4424
4480
4425
4435
4461
4464
9177
4506
7665
4441
4504
4442
4503
4449
4444
4563
7251
4629
4632
4443
4457
4468
4536
8991
4440
4456
4467
7324
4638
7248
4560
4609
7782
4609
4565
4447
4475
4498
4623
4470
4533
4487
4587
4450
4481
4551
7271
4485
4501
4639
4454
7525
4507
4537
4570
4593
7097
4454
5275
4459
4556
4619
4625
4474
4620
4625
7216
4465
4466
4560
7689
4585
7367
4626
7951
4492
5285
4607
4615
4469
4479
7181
4478
4568
4640
4484
4563
4641
7789
4539
4612
4629
4478
4483
4472
4491
4553
4489
4538
4494
4553
4584
4482
4540
4541
4613
4480
7719
4476
4621
4489
4626
7857
4547
4615
4622
4569
4642
4644
4493
4554
4636
7327
4492
4484
4573
4539
4493
4608
5205
4574
4505
4514
4499
4506
4641
4500
4503
4612
4497
4502
4643
7683
4548
4621
4554
4586
7193
4501
4639
4515
4636
4514
4584
4500
4509
4598
8481
4508
4549
8968
4507
4512
4507
4635
4614
7679
4510
5215
4567
4603
4644
4511
4513
4643
4512
7663
4513
4548
4511
4597
4514
4583
5249
8048
4543
4597
4518
7823
4519
4521
4522
4521
4522
4633
4634
4525
4588
4527
4588
9436
4589
4527
4528
4581
4582
7656
4589
4532
4579
8539
4531
4579
4580
4590
8538
4580
4590
4538
4572
6816
4537
4538
4541
4595
8483
4600
4614
4595
7914
4600
4547
4604
9011
4546
4604
4605
4549
8972
4549
4622
4605
4553
4568
4552
4637
4631
4554
4583
4559
4617
4558
4617
4559
4560
4606
4618
4618
4562
4565
4631
4564
7806
4564
7903
4631
4567
4592
4601
4569
4643
4592
4594
4642
6995
4575
4601
4573
4574
4637
4635
4602
4603
4644
4577
4578
4623
4579
4624
8430
4580
4580
4582
4584
4585
4584
4586
4586
7773
5220
4627
4632
4589
4627
4594
4593
4594
4593
4599
7822
4598
4599
7783
4598
4600
4600
4603
4604
8468
4605
4605
4609
4639
4619
4622
4628
4609
7870
4611
4632
4613
5551
4614
4632
4614
8472
4625
7947
4618
4628
4618
4620
4621
4622
4624
4626
7292
7871
4630
7072
4641
4634
4636
4637
4641
4640
4640
8540
7810
4712
4728
9059
6589
8033
8592
5265
5858
7832
8517
4669
6491
8595
8596
4705
5308
5316
7729
4654
7573
8339
8344
8761
8807
4656
4660
8339
8346
4661
4670
8276
9165
4657
4660
4658
8500
8825
5507
7089
5426
7202
4659
7482
8497
4671
8830
5426
8307
4701
6397
8213
4673
5184
7375
4832
4840
7429
9212
4665
4678
8345
5293
9258
9405
4675
4679
4756
8510
4672
6077
8763
8764
4753
4931
9030
4682
8775
8776
4701
4708
5814
8809
4680
8762
8765
4675
4676
4692
4877
5856
5184
5194
4797
9206
6667
8768
8781
9198
7477
8346
9405
6195
6533
9206
5559
8373
8796
4684
7907
8455
8774
8777
8778
7694
8424
8455
8465
7676
9391
4718
4868
4879
4703
7428
8603
4706
7527
8025
5540
6094
6226
9369
4877
4883
4884
8023
4702
5315
8424
9387
5024
5670
5675
8038
5164
5257
4744
9159
9259
4738
5712
8620
9377
4714
5813
8767
4732
4778
8056
4745
6623
9229
4711
4760
5856
4700
4730
9003
5030
7380
8836
4723
8329
7676
8425
9392
4714
8601
5712
7428
7758
8597
4896
4955
7008
4767
8609
4715
6057
8771
9430
4723
8447
4712
7265
9205
4777
4899
6252
4820
8218
9096
4716
4724
4821
8938
4734
6066
7867
4870
5204
9170
7830
8000
8490
9386
5020
9351
4725
4736
5265
4867
4868
5849
9324
7380
9007
9181
4819
8504
8845
8343
8461
4799
4894
4750
9020
5860
6085
7492
4755
4779
5012
8551
6486
7265
4797
5761
6301
8961
8999
6181
6297
8015
9427
4902
7320
4747
4811
4951
5410
5416
8412
5552
5879
6828
6904
8504
9020
4739
4766
7323
8070
4876
8597
9378
4782
4825
8074
4921
8932
9373
4744
4780
9157
5128
8593
8835
9378
8617
8620
9379
9147
4754
4769
4747
4811
5112
9172
4762
4783
5055
6547
8768
8770
4817
5888
7808
8810
5142
5216
8294
4786
4933
6138
4771
5464
8621
8389
8973
4787
5344
6373
8601
8812
8938
8089
8754
9136
4966
5080
8298
9178
4792
5990
6138
7170
6427
7749
8819
9377
4927
5257
5241
5580
8215
4781
5624
8160
5165
6860
8594
8596
8099
8213
8322
9165
5629
8027
8236
8571
4782
4837
8719
6809
8608
4775
5619
6560
7368
4787
6399
5240
8306
8621
4807
4812
4775
4780
5017
7904
4836
8784
8800
4949
8060
8391
5024
5026
4829
5851
8218
9295
7366
8840
4902
8059
4847
6349
8297
4851
4853
4783
4950
5545
4845
8578
4948
4795
9218
9366
4826
4942
9076
4884
6061
6049
6470
6535
8552
9366
5226
6254
7860
8320
6735
7220
8521
5108
6591
8119
4810
6062
6389
6248
6696
7482
8828
4918
8060
8373
4811
4816
4806
6182
6518
6884
8148
8379
8923
9396
4840
8069
5691
9126
9254
5074
5112
8212
8474
4950
5230
7808
8158
5820
6064
6182
6523
4828
5843
8214
8322
4826
7495
7825
9347
4809
6523
4818
8546
8567
4824
5135
5432
6523
4824
4842
5359
5653
8239
4873
4818
5738
6936
6944
8158
4815
5120
6889
7491
7154
7693
7808
4873
4989
6785
6936
8164
8559
8076
8126
4927
8197
5851
7578
6072
7442
7800
7275
9012
9326
7263
9216
5033
7487
8912
4952
9074
4886
5019
8259
9015
6500
8098
7578
8535
4841
4848
8176
4879
5020
9359
4856
9210
9367
5494
7905
8359
9110
4835
7420
8337
8359
7193
7525
4852
5282
4845
7400
9136
4960
4963
9041
4859
4860
5358
9244
5204
9168
4855
9126
9416
6674
9214
8132
8543
8838
4931
7407
9357
8039
8833
4872
5996
9034
8812
8814
4855
4869
4885
7850
8021
8538
4854
4872
9025
4866
5026
6195
5340
7150
6195
7913
9259
7320
9024
4873
4983
8055
9212
9233
4905
7405
9029
8260
8458
8929
4861
5316
8108
4861
4862
4863
5450
5320
5539
5539
6180
9193
5942
6164
6572
8828
5000
5062
8228
8039
8510
9024
4881
8376
9374
4887
5676
4873
8185
4877
4947
5851
4875
4877
9170
9026
8236
8802
8805
4883
9173
8617
8620
4971
4985
5272
6186
6486
4907
8822
9345
4891
5152
8145
4898
8035
8536
9123
4930
5185
5217
4898
4912
7874
8566
9008
9017
5044
6486
9066
8596
8605
8610
4905
4924
9210
4906
5184
9026
4986
7623
8149
5284
5498
7705
8206
5192
8074
8574
9236
7578
8799
4897
5624
6520
9432
4929
5342
5521
4909
6540
8160
8021
8046
6621
8840
4935
5089
8276
8459
5182
9373
9375
9417
9010
4991
6672
7444
4909
4926
5304
8113
5194
9025
8128
8823
4995
8322
9138
6147
8154
4928
6427
8780
8808
4981
6145
9014
7865
9044
9313
4923
8071
8414
7107
8848
9006
4916
4979
9236
6785
9235
5340
7124
9213
5078
8796
4945
5390
6186
8820
5050
9123
9424
9425
8508
9372
4930
5945
6115
4937
5071
7597
9168
5002
5258
6179
6449
7727
9150
5054
5316
7827
8724
5229
6245
4933
8887
5544
7031
7855
8626
6115
5127
8138
8309
5071
7805
8414
7908
8471
8480
8834
9062
4994
5066
8124
9221
5021
6218
8210
5291
6627
8149
8491
5862
8286
8303
8804
7825
8155
5101
5437
7783
7822
5222
6302
7461
7467
4981
9014
4969
5011
8922
8239
8308
9054
6773
9172
5098
8321
5501
8157
5304
9127
8022
9347
6121
6629
6933
8267
4959
4974
7261
7902
5119
7068
7104
6078
7735
7759
5578
8101
8111
8789
4992
7462
8103
8277
8960
5121
7444
5007
7075
7467
4966
5725
6888
8612
4991
5413
5124
7957
8309
9048
4997
5258
7462
9407
5065
8514
8549
8733
9346
7794
7902
8278
9426
5016
7894
8924
5171
8108
8549
8673
5929
6572
7090
5000
5532
8616
4979
4980
8574
8730
8931
7655
7794
8261
9424
4977
4984
8722
4990
7896
8957
5019
6367
6555
6659
5004
5004
9232
6186
5191
6588
8034
8036
4989
5046
4990
4999
7132
5305
6717
6999
5786
6583
7495
5108
6336
8034
5025
6262
8387
5060
5003
9149
6864
4997
5014
5006
5134
5274
9345
5027
6051
9344
7360
8098
5170
5274
5307
7031
5002
8301
5051
7479
8042
5003
8949
5147
5090
8880
8912
9296
5188
7892
8952
6940
5008
8953
8955
5018
6771
6109
7532
5010
5013
6334
6555
8826
5015
7920
8000
5016
7960
5019
5031
8836
7986
8751
5034
8450
7830
7986
9284
5035
7880
5024
8871
9157
7458
8097
6583
5297
6368
8211
5167
6936
6940
5937
6506
7353
9433
5038
5072
8379
5670
7368
8459
9151
9341
8306
8311
8567
8962
5039
5076
5081
6367
9003
9179
5080
7753
9016
7921
7992
8718
8936
5248
7490
8833
6841
7919
7917
7921
8454
5086
5662
6114
5147
9028
9248
5074
5675
8212
5043
8473
5042
5049
8473
8997
7978
8532
9302
9308
5053
7838
8449
8997
9314
5239
8258
7916
7919
8446
5187
9254
7453
7456
9433
5056
6506
7522
8340
5053
5059
5123
7827
8350
8106
9219
5064
7998
8349
9094
5073
7820
6991
8193
5460
7042
7702
5061
6918
7522
7479
8040
8190
5141
9023
9350
5073
8748
5179
9218
6901
7453
9074
5068
5598
5089
5634
8104
8122
6063
7542
9111
5080
5114
5435
5077
6091
5119
5552
7123
8529
5328
8198
5287
5926
8554
5093
5126
8591
8460
8615
5084
8923
7847
9121
5082
8553
5247
6642
9201
5106
8416
8135
9056
5098
9124
5092
5094
7783
5096
9152
9155
5475
8871
9087
8138
8569
9048
5260
6209
5099
5259
5809
5118
8784
5122
7008
7235
8545
8558
8802
8804
5097
9217
5181
5306
9294
7817
7866
8280
8536
5095
7731
8576
5139
7754
8589
5095
5101
7181
5103
8736
5114
9180
9399
5111
8184
9234
9286
5193
5203
5160
8076
8102
5103
8964
5393
7904
8984
9365
5343
8577
5149
6844
8249
8503
5151
5153
5527
6600
7787
7826
8743
5133
7805
8615
6588
7206
7218
9016
9399
5113
5115
8429
5129
6661
8162
9416
9418
7668
7787
8323
5935
6114
7617
8518
8320
8518
8519
5123
5138
7391
8531
6114
8513
6904
7008
6457
7785
9294
5146
6152
5282
8515
8784
5150
9191
8252
8304
6044
7512
9079
5130
5139
7970
5160
5301
5314
5585
6349
8112
8184
5137
8988
5230
5591
8063
7677
8242
8340
8376
8115
8129
6501
6599
9251
6375
7266
8262
8413
8996
9349
5139
7826
8743
5150
8522
8523
8467
5356
5534
8250
9186
5147
8616
5170
5265
9251
8370
8811
8940
5155
5780
7457
7958
5301
8075
8138
7550
9043
5200
5277
5502
7192
5224
6945
7359
5159
5987
5161
6571
8205
5378
9097
9376
5161
5169
5673
5156
5172
9292
5213
5329
5190
7971
9293
5259
5466
5620
5162
8305
8523
5166
5987
8305
8094
8250
5175
5544
9355
9362
5164
5176
5237
8023
5283
5552
7122
6053
6060
6188
6944
7254
5183
7496
7665
8575
5175
7860
8289
6567
7846
5543
8561
5190
5196
8969
5500
5975
8291
5714
5885
8262
5897
7949
5185
5193
5256
7455
7611
9013
5202
5205
9421
5187
9204
5433
5786
6258
6400
7774
9296
5267
5442
9434
7663
8048
8451
9039
8023
5201
5392
5964
7824
9340
5387
8301
8979
9359
9361
5208
7991
5452
6490
8144
8065
8680
5217
8510
5198
7597
9169
5208
8727
5357
6289
7075
5200
7319
7366
5200
5502
9032
9169
5206
5232
5258
9174
5207
7572
8710
5507
7099
5206
9032
5207
5215
8178
9054
5218
7870
7968
8992
5223
6120
7300
9268
5214
7830
8614
9018
5992
6549
7548
5277
7174
7319
7447
8131
5234
9385
9392
5218
5249
5406
5441
5359
8239
5255
7689
5234
5235
8959
9018
5249
7773
9421
7780
9195
9223
5447
6273
6289
8641
9086
9288
5541
5694
5471
6063
8027
8233
7289
8521
9166
5243
7555
7909
7911
5280
5302
5845
7124
7708
5995
5303
6771
7134
5964
7462
5275
7575
7580
7856
5254
8283
7189
8468
8731
5275
7874
7993
5251
7099
8433
8994
8996
5541
8249
5464
8332
6790
7533
7911
6811
7024
7109
7910
7943
5650
8240
8287
5660
5686
6258
7533
7959
8557
5294
5299
5888
6018
7154
5253
5252
5582
7964
5257
6991
5741
7948
5255
7656
8731
9425
9426
5288
7905
5262
5281
8396
7812
5574
6212
8816
8841
5310
6555
9000
5373
7818
7851
5336
6302
7474
5413
7425
9223
5637
5273
5276
7634
5470
9376
9434
5404
8219
9308
5297
5388
5686
5559
5830
7482
8797
5434
6782
8623
5544
5897
8626
5308
7419
7672
7134
8822
7502
5308
5309
9193
5656
5408
5483
5959
6273
5285
7719
7993
5360
8102
9057
5381
5495
7821
8263
8072
8080
5338
5547
7550
7193
7502
5490
5628
5787
9065
5742
8047
7525
7580
8359
5419
7488
8127
5360
5611
5920
9057
5469
5524
9085
5296
7229
9315
8193
8196
8197
5394
5709
5362
7545
7829
8403
5300
7408
8979
5311
7433
7632
9413
5688
9038
9317
9320
6752
5360
5611
5332
7038
9432
6186
6436
5692
8880
5333
7038
7158
5315
5315
8315
5312
8879
5674
7402
7551
5916
9002
5323
5324
9227
8179
8188
7645
7235
5320
5340
9368
5330
5347
7561
5882
6099
6699
9208
5685
6023
8648
9089
5616
5774
6269
7879
5331
7113
9216
5331
5334
5428
5452
6588
5372
5764
5916
5561
5571
5943
6578
7235
8253
8263
9225
9239
5376
5527
7293
5344
6484
5333
7268
8137
6567
7556
5344
9229
5345
7928
8738
5368
5771
5409
5669
6065
5385
6152
6179
5397
5755
6153
6697
7884
8140
8403
5346
5421
7672
5350
7928
8583
6513
5350
6800
7050
7708
5376
5396
5920
7363
8237
5386
5390
5947
5375
7861
5353
5354
6960
5375
6800
7888
8925
5361
7070
9267
5374
5377
6118
7684
9382
9435
5703
6369
8036
5477
6224
8077
8253
9368
6062
6099
5405
5377
6233
8705
5728
7206
9403
7760
7963
7976
8317
5597
7075
7532
6620
6743
8704
9247
5450
5678
8108
5428
5472
5699
8050
5493
7579
5407
8865
9105
5496
5714
6392
5387
5497
6179
5474
6550
5573
6275
7471
6360
7212
8926
8964
5401
7396
6360
6743
5710
7040
9088
5613
6439
7938
5383
6059
7571
5384
6059
6129
5719
7136
7192
9054
5384
5389
5395
6504
5497
5575
5661
6047
6643
9337
9351
6028
6366
6047
7545
7829
8139
5394
7557
6566
6665
7913
9201
6366
6577
7657
5401
6425
5485
6550
6697
5654
7879
8973
5892
7338
7459
7471
5417
5458
8134
6487
7349
5410
5412
8004
5535
5798
6667
5627
9316
5531
6977
8116
5717
8159
7025
8118
5411
7851
8325
5537
8047
6181
5427
7384
8427
5416
8533
9037
5481
5505
5795
9261
5425
5438
6199
6423
8393
8729
5484
5517
5427
6843
8265
8333
5519
7628
5475
5520
8520
5500
6802
5775
7381
8623
8625
5457
7564
8225
5665
6475
6912
8568
5443
6420
9133
5605
8234
6860
7159
5766
5436
5439
5873
5698
5864
6293
6603
6130
8520
8550
5515
5844
6470
5774
6455
6587
8231
8622
5785
7753
8529
5445
5991
7621
5476
8482
8484
5443
5503
5445
5449
5457
5513
6157
6610
5717
9251
5726
5994
5504
6900
5760
7219
8557
5910
6270
5448
6117
8913
9264
5907
6302
7562
9260
5592
5979
6150
5467
5468
7612
5473
5454
5736
5783
7455
5462
7063
5565
6300
6696
6811
5480
5649
7555
9390
5537
8554
5600
5651
6094
5666
7541
8916
5702
7466
8083
7574
7608
5467
5468
6299
5746
5542
5607
7569
5522
5605
5486
6274
5805
5844
5726
9097
5522
5620
8565
8051
8054
5697
5745
5593
6024
5492
5489
7778
7930
5587
7390
5553
5649
7553
5595
5602
5758
7618
5621
7911
9222
9223
8507
8520
9087
6224
6268
8182
5842
8821
6104
6140
6747
5956
6848
5489
5551
8005
8482
6212
6451
6597
6654
5494
8467
5866
5941
6476
5494
5551
5556
5520
8553
5607
5921
7715
5509
7842
8399
5742
6165
5690
7326
7842
7953
5625
8986
9363
5521
5732
5927
9051
5504
6250
6272
7003
8599
9290
5511
5512
7622
8307
5513
5523
9390
5534
8036
8604
5546
5800
7358
8170
5514
6052
7605
5514
5519
5525
6310
5529
6554
5820
6015
8613
5524
5641
9224
5958
7801
5703
5913
5963
6792
5588
6263
7068
8234
5525
7561
5854
7040
5527
6729
5557
9301
9303
9307
6668
5560
5568
6509
5563
5588
6517
5531
5658
6282
7832
6101
6871
6011
6012
5555
5818
5987
6026
7929
7953
6121
6629
5742
5823
6165
9341
7801
5646
6536
6584
9202
5600
5648
9191
5676
5978
6548
5678
5834
5563
5624
5732
5716
7365
5575
5659
5693
6471
6721
6858
5558
7748
9398
7778
8577
9068
9111
8472
5630
5752
7545
5594
5713
6457
9294
5706
7601
8787
7420
7679
6107
6351
8241
5708
6050
5577
5617
5579
5796
6706
5566
8222
5685
5905
6538
7140
6717
8111
5797
6566
8984
5980
6069
6549
6578
5664
6213
6859
7476
5579
5581
5688
5985
9194
5603
5765
7705
5601
7737
8222
6213
6616
6859
5812
6009
6208
5605
8307
5806
5622
5706
8787
5626
8213
8478
6223
8823
5586
7073
5621
7460
6512
6990
9255
9331
5588
6223
8127
5797
6566
7923
5804
5878
6707
6508
6990
7081
5597
5777
5592
5595
5883
5650
5810
7958
8240
6192
7796
5910
6469
6935
6514
7481
7541
5596
5599
5698
5910
8104
5657
6012
8210
5615
7618
5687
9319
5967
7441
5636
5857
8476
5880
7457
5610
5612
7146
5610
5757
6770
6837
5931
5618
5829
6198
8604
6218
6427
7749
8201
5917
9065
5845
8881
8882
9065
5691
7386
7989
5739
7536
7784
5698
7083
5951
6691
8149
5626
5629
6248
5939
8125
5767
6546
7386
5809
8026
5860
6092
8133
5660
5903
9031
9432
5874
7932
5631
7697
5687
7980
6285
6526
8882
5631
6833
5879
5935
7218
6361
8404
6275
7474
7579
5635
6661
8162
5639
5864
6641
5643
5922
6095
8203
8251
5855
9246
5652
5674
9319
9320
6453
6492
6769
5971
6335
6390
9101
7040
9083
6087
7228
8189
8191
5721
6459
5863
6453
6494
6854
5666
5668
7336
8886
6259
6591
5695
6084
9215
5681
6226
7980
5835
7990
5821
9370
5705
9371
5809
5846
8026
5893
9335
7500
7807
8404
8406
7168
7192
7659
8288
5703
5722
6317
5871
8206
8979
5784
8146
5695
6084
5682
6879
7348
8284
6882
8786
5689
5733
6502
7258
7518
5834
5974
8563
5679
5692
5714
8047
5672
9027
5673
5680
7849
7855
5875
7678
8691
5696
7832
5730
9191
6001
6018
5694
6136
6414
8081
6264
5713
6514
5696
5711
8662
8003
8015
8328
6248
7305
7326
5684
5859
8678
8679
5954
6260
6858
6401
6415
6161
5700
5709
5747
6286
8862
5749
5806
8474
9339
5713
6406
6565
6774
9196
7296
5723
8289
6003
8144
6237
5744
5889
8432
9317
9319
6348
7355
8182
9297
9395
8847
5708
7710
9401
5730
5731
6189
5718
7428
7758
9400
7587
8217
9097
5723
6633
6688
7233
5753
6248
6833
8284
6025
8167
8096
5813
5924
5990
7263
9175
5729
5737
7899
8873
8161
8165
6282
6430
6584
6320
9415
5784
8146
8622
5977
6080
6197
5833
5792
5850
8206
8207
5752
9401
9402
5740
6583
7864
5735
7501
8524
9321
6537
5968
6151
8642
5743
5748
6298
7391
7558
8524
5772
8164
8311
5754
6496
5746
8163
6215
9245
6103
6153
6496
5847
8238
5769
6272
6607
8052
8054
5766
6003
8226
5962
7017
8284
5769
5788
5934
6664
5964
5965
6298
5807
5816
6358
5976
5898
6241
6851
5973
6431
5764
6431
5759
5762
6141
6533
5778
5787
8602
5857
5952
5761
6143
7790
7959
9412
7936
9206
6347
6439
6666
6790
7673
8560
5973
6370
8209
5889
5913
6584
6666
5773
5779
5984
5796
6706
6444
6446
7438
8850
5907
5921
5950
8194
9187
6556
6969
6290
6344
7397
8146
8820
5798
6479
6809
5894
7451
5793
7159
7753
5790
6832
5877
5880
5837
6211
6892
6914
5818
6016
6029
5869
5950
8143
5977
6839
7758
6140
6161
5793
5794
5796
6309
9406
5814
5919
8274
8497
5836
6452
6352
6568
6730
7305
8243
8244
5832
6843
5832
6305
8819
5939
7780
8604
7818
9363
6553
5819
5826
9331
6039
9153
6443
7437
8854
9312
6445
7142
8858
9099
7087
8946
9090
6614
6622
5854
6470
5840
6111
8066
5872
5881
8358
8239
5877
6323
5819
5827
5999
7976
6243
6275
5824
6311
7531
5822
5831
6319
5969
6815
6109
7560
8560
8564
7095
5958
6307
9237
9364
5848
5981
6678
6193
6194
5924
6080
5891
7370
8282
8681
5827
5828
5830
6216
5830
8918
5936
6234
8144
8499
5848
5886
7339
8529
6131
6144
6658
5904
5976
6243
6473
6856
7001
5843
8099
8471
9135
5962
8862
9107
5912
6007
6757
6795
7728
5958
8613
5847
6500
6627
7996
9057
5882
6757
8471
5890
6756
6030
8022
9343
5871
5955
5856
5974
6016
8564
5873
6159
7138
6049
5858
5865
6183
5868
6805
5891
6728
8910
5904
6162
6177
7499
7611
6397
8024
8542
6288
6463
6703
5902
6492
5868
5870
6843
6939
7018
6238
6996
8299
8670
5884
6749
6331
7441
5884
6318
5912
6229
7315
6187
7936
9363
6483
8690
9301
5963
6533
8050
8754
6325
6166
6867
8394
9215
6441
6231
8432
6710
5952
6093
6113
6522
6065
6375
5890
6326
9051
9052
9175
6072
6785
6251
6363
6493
5897
6405
6009
6031
5903
6290
5949
7659
5918
5925
9395
5999
6014
8123
5901
5901
5911
6405
5932
6423
6835
6021
6107
6351
6388
5919
8828
6602
6603
6232
6098
8191
8406
8869
6346
8159
8240
6040
6050
7206
7218
9402
6134
6352
6457
6416
6096
6241
6716
6019
6533
7368
5929
6048
6561
5985
7633
9195
6024
6020
6386
9067
5928
6004
6754
6096
9068
6101
6056
6641
6769
6605
9246
9251
5977
5928
5937
9297
6051
9341
5995
6748
5957
9396
6145
5984
7538
7548
6056
6083
5938
6199
5968
6618
7309
8862
5940
6007
6084
9399
8095
8125
5957
7353
6841
8103
8599
6014
6673
6619
6818
9067
5960
6069
6696
5967
6265
6082
6927
6935
9052
9175
5955
6067
8243
8143
8174
5949
6000
7486
6058
6342
6106
6279
7061
6267
7498
7499
7535
6170
6247
6090
6374
7546
7359
8340
6055
6239
7355
5970
6596
6103
6363
7864
6842
8036
8399
6257
8043
6040
6055
6273
6328
9112
9118
5989
6321
6561
6572
6361
6389
8404
6505
7693
8666
9077
8879
6679
6136
6802
6017
6920
6035
6083
6093
6187
6034
7109
6005
6159
7138
5998
6238
6287
7009
6173
6408
8878
9092
5992
6028
6116
6388
7340
8895
6029
6049
6111
7041
6308
7067
6115
7266
6931
7138
7602
6452
6025
6027
8173
6057
7000
9417
6303
7021
7320
8485
6081
6393
8208
6261
6296
8872
6160
6112
6491
6068
6320
6505
6106
7025
7175
6207
6092
8084
8133
7219
9412
6071
7021
8527
6097
6464
6969
7546
6394
6013
6070
6524
6451
6534
8211
6105
8045
8061
6201
6447
6470
6609
6041
6102
6681
8038
6090
6097
7141
8628
7142
8635
6912
7143
8642
6387
7144
8651
6033
6315
6188
6338
6054
6086
7587
6702
6280
9196
6652
7338
6166
6622
6737
6088
7448
6069
6164
6265
6578
6142
6148
6712
8170
6038
6407
6684
8657
6171
6838
6222
6281
6228
6175
9402
6123
7523
8876
7055
7520
8852
9272
7524
8942
6120
9241
9265
7200
7873
8752
9220
8820
6145
7651
9400
6091
6278
8202
6383
6669
9369
8037
8176
6586
6426
6066
9250
6085
6112
6938
7020
8305
9362
6062
6138
6894
6096
8308
6065
7801
7029
6210
6683
6227
6633
8663
6105
6137
8082
9010
7487
8093
7053
8752
8910
9141
7052
9073
9298
6954
7054
7201
9265
6953
7199
8875
8175
8236
8598
6147
6735
7220
6297
6330
8015
8612
6632
8245
6104
6139
6559
6098
6148
8044
8192
8705
8707
6935
8068
6259
6347
8049
6214
9162
6277
6396
6472
6221
7061
8027
6240
6102
6894
6280
7359
9196
7363
6178
6511
6469
6142
8044
9105
6185
8195
6912
7120
9061
7260
8192
8708
9242
6373
6206
6357
6600
7788
6619
6649
6939
8914
9143
6119
6891
7145
6479
6689
6889
7509
7584
7054
7056
9084
7196
7513
6391
7531
8175
8764
7066
8632
9329
7064
8639
8894
6128
6149
6710
8024
6165
6390
6392
6202
6299
6530
6263
6429
6495
7000
6146
6417
6516
6152
6176
7444
6741
7785
6364
6557
6562
8662
7250
6142
6462
6544
6140
6158
6400
8049
8120
9349
9418
6301
9349
6495
8029
6222
9189
6333
7759
6315
6165
6193
6180
6359
6395
6450
6582
6482
6675
6379
6421
6565
8670
6368
6427
6597
9379
6259
6347
6666
6253
6510
6161
6965
6434
6225
6256
9337
6324
7582
6249
6260
8290
9077
7110
7330
6262
6838
7281
8656
7284
8221
8661
6421
7280
7282
9270
7283
8679
7279
8655
6247
6406
7277
6238
6287
6314
6562
7278
7284
9279
6178
7122
6179
6204
6202
6377
6461
6206
8316
7867
6307
6221
6313
7176
8191
8867
8869
6474
7589
6424
6608
6277
6338
6306
6923
7348
7644
6372
7602
7621
6303
6753
8929
9341
9342
8510
6200
6203
6832
6888
8545
6283
7743
6250
8043
6208
6508
6783
6240
6256
6274
6581
6208
6243
6449
6642
6414
6589
6616
7517
6266
6292
6433
6212
6737
6214
6300
6219
6573
6230
6971
6284
6318
9246
6225
7107
6229
6324
7328
6368
6685
7354
6360
6620
6626
6650
6438
6637
8111
6354
7390
6353
6330
6948
8691
9300
6422
6545
6376
6451
8831
6251
6376
6258
6455
6713
7295
7503
6266
6283
6246
6311
6755
6350
6694
8878
9280
6293
6416
6371
6244
6701
6714
6284
6833
8405
6371
6408
7280
7355
8607
7296
8800
6670
7531
6858
6261
7009
9077
6257
6292
6786
7125
9199
6357
6610
6435
6668
6826
6339
6827
8175
6340
6272
6728
6857
6295
9078
6737
7026
6359
6671
6543
6362
6313
6458
6273
6289
6279
6344
6541
6615
6288
6677
6810
6607
6337
6473
6310
6417
7638
6705
6384
6726
6466
7567
6385
8170
6462
6544
6488
6332
6476
6656
8699
6475
8692
9197
7675
8872
6494
6455
6415
8904
8905
9089
6365
6723
6309
6987
9406
6296
8658
6403
6345
9406
6938
6332
7160
7115
6319
6326
7925
6526
6552
9280
6825
7370
7855
6521
6454
6513
6374
6510
7614
6724
7362
8244
6456
6329
7131
8674
8170
8196
8197
9252
6369
7014
7363
7788
9412
8216
8666
6373
6513
6898
8636
8893
8897
6346
6532
6432
6532
6579
6341
6906
8895
8898
9328
6331
6624
6379
6636
8670
6515
6480
6340
7046
8154
6367
9053
6389
6392
8262
6507
7014
6377
7535
6343
7088
8232
6353
6363
7895
6428
6480
6592
6651
6630
6485
6653
6719
8183
9203
6707
8593
7339
8657
8872
9099
9303
6798
6811
8182
8183
6589
6859
7104
8779
6372
6573
6892
6551
8029
8217
6873
8378
6397
8571
6365
6411
7876
6728
8664
9278
6448
7633
8544
8034
8237
6393
6558
8299
6787
6509
6523
6478
7499
6557
6825
8681
8694
6580
6820
6410
6725
6810
6917
8630
8903
9328
6437
6518
6521
9358
9362
6739
6955
6598
6662
6626
8628
8903
6401
7207
8635
8897
7170
6397
8459
6670
6866
6699
6778
6433
6687
6418
6693
9113
6458
6585
6412
6646
8070
6437
6447
6692
6538
8290
8668
8943
8660
8877
6421
7201
7282
8282
8678
7197
8885
6413
8655
9078
7196
9093
6562
7198
7278
6420
6423
6465
6488
6720
8224
6468
6640
6684
7294
6590
6539
6709
6531
6648
8637
6613
6617
8691
9300
6463
6703
8299
6426
6759
6434
6585
6467
7564
6559
6734
8194
6535
7190
6507
7014
6482
6440
6461
6750
6678
6516
9189
6717
8174
6623
6466
6497
7790
6478
6525
6558
6579
7065
7489
8652
9103
7141
9070
7086
7143
6498
7439
7086
7435
9272
6521
6465
6478
9174
6503
7347
9112
6489
6594
7043
6484
7173
6497
6606
6730
6628
6594
6676
6713
6774
6820
9267
6529
6777
6796
6509
6512
6569
6625
6487
6519
6505
8663
8944
6550
6996
7542
8670
9364
9369
6548
7569
7240
8241
6528
9061
7018
8698
6743
7237
8704
6891
6762
6568
6689
7478
6496
6690
7016
7069
6621
6515
6718
6949
8205
6542
6548
6549
8031
8034
7486
7517
6723
6511
6756
6676
6595
6686
7430
9098
9070
9071
9309
6913
8096
8097
6582
6879
8861
6978
8644
9113
6530
6577
7154
7690
9433
6536
6852
6910
6745
6675
6556
7518
6732
7638
6554
6634
6674
6564
8225
6540
6908
6551
6749
6544
6546
6584
6529
6569
8700
9282
6612
6656
6694
9282
6639
7079
8694
6581
6581
6690
6806
9301
6849
6597
8211
9207
6591
6748
6908
6647
6761
6541
6905
7712
7752
6821
6593
7657
6624
6644
9415
6586
6759
6560
7413
6701
8607
8609
6578
6768
6574
7131
8806
6891
9435
6763
8873
6746
6952
9278
6924
6644
8212
9415
6596
6576
6751
6774
7392
8649
6571
8204
8205
6820
6954
7421
8294
6907
6593
7247
7476
8268
6575
7605
7244
6793
7012
7128
7212
6600
6601
7811
6961
8221
8662
6593
6878
6722
8669
9270
6806
7554
9176
6740
6714
6708
6711
8050
8081
6917
7350
8904
6608
6804
6769
6758
6764
6683
8180
6637
6822
6605
9352
6610
6610
8225
6604
8489
7083
6641
6645
9231
6628
6731
6932
6669
6702
6836
6657
8695
8696
8915
6638
7299
9283
8687
8688
9299
6654
8188
6655
6821
7151
6640
7600
8687
6647
6761
8896
9328
8902
9089
7113
7125
6654
6674
6776
6630
6736
6770
8904
7828
9101
6767
9383
9435
6708
6682
8153
8865
6724
6778
7013
8221
6717
6929
6744
6775
7661
7586
8342
8674
6709
6656
6980
6657
6981
7156
8686
6661
6672
6664
7781
6850
6661
8166
6813
7323
7004
9107
7006
7306
7005
8896
7007
8902
6705
6804
6685
6687
6700
6718
6787
7621
6957
7298
8694
6671
6679
6660
8555
9000
8543
8544
6712
6822
6677
6947
8161
6673
9159
9259
7386
6809
8025
6729
7127
6766
7369
6970
9038
6727
6808
8161
6738
6794
6836
7828
8153
8491
6877
8059
8553
6691
9105
6696
7651
7156
8573
6876
6731
6736
6895
6792
7069
7368
7321
7027
7879
7941
6711
6747
7006
7209
9116
6967
8656
6824
8274
8496
6814
6780
6949
7149
8205
6894
6791
9427
6760
8770
6919
6810
8122
6732
6766
9369
6754
6922
6867
8297
6823
6784
6757
6847
6777
7586
8498
6760
6792
6806
7027
8861
6721
6742
8678
6779
6943
8130
6734
6813
6751
8308
6960
8671
9266
6972
6899
6835
7916
6763
6863
7760
8123
8289
7638
7478
7481
6788
6765
7036
7262
7819
9119
6853
7389
6829
6913
9135
6775
6863
6767
6794
6753
7080
6751
6772
8405
8705
7011
8318
6768
6784
6832
6852
6855
7164
6801
6783
6895
7392
8020
8094
7264
6846
7285
8273
6874
6911
7598
6869
6799
9112
6776
6853
7033
6815
6911
6779
6893
6921
6803
6789
7639
8377
7458
6934
8649
8682
6997
8157
8884
7019
6903
6871
6975
6812
6955
8202
6790
6856
8557
7205
8227
8625
6910
6959
6940
8178
8498
8844
6916
6803
6865
6801
6930
6887
6831
8503
7583
6876
6916
6883
6830
8026
6854
6900
6898
6906
7345
8895
6907
7045
6862
6886
8965
6840
7361
6880
6928
6861
8517
8398
6816
7002
8714
6874
6875
6889
9135
7107
6831
6881
6983
6855
6875
7067
8029
8715
8717
7077
8860
9099
9304
7076
8627
9069
7065
7308
8652
8671
7044
6956
6829
6847
6872
7147
7079
8662
7274
8320
6866
7344
6845
8080
6865
7728
8541
6844
7092
7036
7881
8713
8951
6841
8352
6885
8377
8602
6967
6920
7749
8529
6861
6902
7092
7176
8869
8264
6915
6904
7068
6986
7359
6896
6938
6987
6878
6943
6869
6903
6966
8282
8284
6990
6963
7035
6896
6887
8290
8664
6996
8779
7122
7517
6868
6869
6968
7100
9037
9038
6909
7385
6918
8259
6937
8116
7029
8412
9209
7010
6994
7814
6970
6989
6897
6973
7048
6950
7085
8082
7022
6923
7326
6883
6909
6893
6915
7476
7584
6897
7160
7225
7212
8378
8815
6968
7042
6914
7356
8516
7478
6926
7927
8720
7001
7602
6921
7034
6946
6973
6978
7030
7388
7091
8801
9049
9072
6930
6937
6964
9215
6972
7044
6917
7273
7188
6946
7082
6962
6947
6931
7354
6945
7049
8394
9072
8353
8522
8201
8545
6928
6932
7073
7583
8861
6975
7022
7096
7223
8728
8991
7882
8721
6965
8078
6986
6999
7033
6959
7831
7876
7003
7476
8268
9384
7157
8405
6977
8265
6950
7228
8643
8707
7070
7300
8643
9267
7102
6997
6986
6973
6985
7013
7016
7303
7178
9230
7060
7297
7508
7058
7059
9277
7299
9047
7056
9268
7661
6959
7010
6967
7018
6966
7017
8911
7012
7129
7130
7037
7039
6964
7023
7032
6998
9146
8657
7032
7538
8354
7151
7316
7105
7015
7988
8735
7074
7372
7931
8715
9291
7010
8890
7240
8687
8688
7239
8702
7238
8696
6988
7237
8706
7023
7336
7360
8162
8165
8098
8165
7020
7070
8705
8707
8314
8525
7051
6994
7116
8366
7072
8005
8744
7226
7097
8540
8734
7009
8552
8107
9337
7090
7598
9250
7171
7271
7955
8933
7126
7207
9108
7208
8899
9115
7210
8906
7296
7698
7019
7112
8669
7069
7130
7944
7966
8690
8692
7152
7557
7824
9010
7139
7071
7093
9006
7103
7085
7114
7028
7069
7129
8568
7434
7074
7183
8227
8789
7071
7117
7082
7098
7043
7161
8711
7067
7133
7134
7133
7148
7041
8066
7258
8770
7105
7106
7080
7341
7333
7443
7112
7116
8347
7098
7111
7106
7111
7648
7672
7089
8324
7195
9075
7200
8679
9263
7521
8863
9063
7197
9086
7532
7560
8288
7298
9264
7198
9276
7194
7563
7175
8251
7506
8874
9285
8164
8559
7505
8858
8860
7504
8946
7507
8854
8856
7173
8291
7258
7302
8741
7163
7179
7084
7119
9098
9100
9305
7215
7404
8266
7129
8568
7346
7094
7153
7094
7473
7432
9069
9309
7178
8553
7120
7144
8945
7101
7344
7099
7180
7126
7161
8405
8406
7109
7110
7169
7964
7976
8725
8727
8992
7259
8732
7184
7117
7152
7423
8235
7162
8137
7175
7214
7123
7675
7221
7203
8499
7202
7337
8438
7286
9005
7191
7270
7168
7174
7178
7190
7164
7264
7234
7187
8241
9098
9306
8698
9071
9064
8652
8704
9243
7218
7339
8594
8800
7318
8842
7185
7293
7304
7146
8700
8221
8669
9092
7927
8722
9148
7155
7189
8734
8958
7168
7263
8842
7262
7427
8745
7177
7162
7204
7347
7350
7807
8633
8640
8647
8654
7332
8364
7212
7226
9005
7598
8117
8246
7242
7378
8319
8263
9257
7409
7256
7163
7186
7490
7167
7213
7600
7176
7228
7165
7166
8427
9016
8092
7232
7268
7185
7364
7205
7556
7205
8227
7243
8246
9216
7184
7186
7266
8262
7177
7219
7944
8735
8738
8963
7213
7318
7224
7602
7254
7204
7245
7187
7244
7327
7888
7470
7687
8336
8409
7245
7397
7191
7231
7230
7272
7364
7752
8959
7254
7211
9051
7719
8655
9079
8661
8942
9095
8889
9275
8656
8876
9144
9269
7599
7211
7221
7288
9398
9109
8635
8900
8642
9117
8628
8907
7230
7243
8110
8271
7383
9381
7257
7292
8750
7322
8759
8927
8977
7289
7310
7232
7226
7234
7286
7334
7991
8969
7319
8840
7375
8091
7988
8737
8935
8937
8649
9258
9411
7231
7232
7749
7758
7276
8199
7329
8744
8974
8708
8697
9061
8699
8703
8689
7245
7267
7269
7661
7674
9199
7311
7257
7373
7982
7316
7382
7253
8713
9148
8104
8109
8251
9104
7294
7403
7271
7973
7988
7333
7357
7712
7927
7939
8552
8018
8741
8744
8975
7270
7272
7962
8980
7336
8539
9137
7335
7459
8732
8734
8960
7872
7266
7343
9338
7288
7301
7288
7301
7381
7276
8935
7311
7341
7351
7304
7417
8369
8994
7325
7283
8683
8667
7281
8659
8675
8660
8676
8684
8668
7395
8334
7325
7314
8811
8941
7358
7937
7337
7423
7813
8439
7951
9137
9318
7922
8721
7483
7426
7318
7500
8145
8784
8686
9298
8914
9285
8631
7556
7331
8983
7349
7378
7543
7362
7651
8638
8892
8627
8896
9329
8902
9090
8645
8863
7358
7365
7330
7394
7419
7672
7315
8358
8360
8754
7315
7317
7328
7539
7328
7510
9199
8057
7332
7351
7914
8756
7336
8886
7367
7427
8993
7330
7691
7944
8965
7582
8007
8977
8466
8987
9154
7418
7596
7372
8970
7338
7342
7631
7354
8264
7384
7424
8265
7377
7354
7356
7346
7445
7415
7347
7350
7384
7379
7554
7370
7416
7410
7639
7446
7406
8319
8385
7567
8560
7547
7752
9153
9234
7394
7403
7388
9014
7398
7735
8156
8178
8987
9422
7385
7395
8626
7373
8629
8959
9018
7999
8619
7390
7414
7468
9326
8002
8977
9156
9327
7379
7454
7401
7464
8766
7397
7416
7592
7750
7627
8363
8325
7469
7413
8197
8218
8219
9302
7397
8820
7411
7463
7451
7393
7516
8189
8844
8523
8524
7603
7591
7410
7576
7452
8400
7400
7678
8195
9301
7412
8397
7406
8392
7408
9320
7526
7577
7750
7597
8156
8386
9030
9334
7433
7426
7539
8390
7617
8519
7424
8325
8770
7422
8474
7451
7475
7465
7469
7556
8625
7613
8323
7494
8361
7570
9177
7644
7846
8847
8061
9414
7740
8195
8570
7447
9041
7604
7977
8995
8069
8771
9367
7439
9100
7459
7461
7467
8853
9310
7480
9211
9250
7438
9274
8650
8947
9106
8855
9310
8851
8859
7450
7642
8346
7737
7487
9296
7463
7596
7452
7464
7454
7494
9222
7484
9021
7453
7456
9033
7666
8339
7486
7544
7540
7497
7737
9297
7705
8131
8137
7492
8272
7471
7474
8043
7685
7540
7615
7740
8148
8868
8183
9273
7595
7568
7630
7851
8220
8982
9188
8477
8489
7486
8776
7515
7642
8172
8293
9411
9413
7529
8499
7543
7576
7707
8032
7497
7498
7737
8085
9249
9354
7504
9106
7491
8573
8768
8916
7659
7528
7534
7548
8410
9324
9337
7997
8009
7608
7611
7528
8189
8842
7551
7558
8475
7677
8375
8378
8948
8857
8859
9046
9047
8853
8855
7563
9073
9241
9288
7565
7574
7890
9260
9276
7524
7563
7523
9046
9084
9086
9288
7640
9409
7620
8531
8596
7541
7561
7564
9390
8645
8849
8850
9084
9241
8022
8376
8875
9075
8475
7604
7637
8607
8773
8222
7541
7559
7568
7654
8365
8794
7549
7535
7537
7628
9249
7538
7612
7585
7581
8308
8338
7649
7594
8402
7612
7636
8401
7911
7943
7705
7643
7566
7697
7807
8404
7555
8139
7691
8398
7571
7625
7702
8172
7673
7889
9220
7582
7608
7623
7795
9104
7690
7722
7579
7603
7645
7587
7791
7854
7969
7599
7666
9058
7709
8971
7692
7609
7669
7689
8475
7588
7594
7611
7644
8847
8781
7592
7667
7677
9431
8410
8437
7600
7647
7629
7654
8368
7619
8407
7607
7605
7622
7811
8417
7619
7641
7610
8058
7681
7662
8563
8564
7637
7650
8204
7624
7629
8384
7848
7972
8462
7717
7848
7950
7636
7718
7649
7668
8273
8274
7641
7887
7634
7648
9202
7700
8477
8452
7625
7658
7628
7635
8428
7699
8388
7671
7631
7695
7813
7669
7680
7763
7716
8409
7681
7643
8421
7653
9193
7639
7807
8145
7721
7660
8427
7757
8444
8453
7723
7682
7849
7664
7652
7713
8386
7662
8195
8570
7701
7745
7667
7686
8243
7730
8392
7657
7720
7756
7733
8528
8531
7773
9436
7743
7706
7733
7686
7694
7678
8573
7665
7789
7694
8424
7806
7751
8462
7765
7766
7696
7703
8355
7682
7706
8215
8318
8319
7704
7729
8424
8798
8833
8472
8481
7738
8362
7736
7942
7810
7865
8968
8364
9381
9382
7700
7718
8465
7814
8365
9068
7692
7730
8390
7782
8022
7697
7842
7754
7698
9353
7755
7887
7769
8526
7809
7775
7926
7770
8013
7742
7708
9213
8177
7768
8415
7775
9384
9389
7734
8155
9082
7779
9009
7741
7744
7714
7769
8534
8154
7930
8488
8589
8425
9394
7905
9419
9436
7722
7767
7776
7893
8000
7762
8009
7743
7780
7746
7762
7772
7751
7757
7727
7735
8167
7795
7809
8122
9133
7746
7764
8441
7759
8024
7827
9387
8589
7823
8576
7738
7777
8411
8261
7965
8280
7797
7816
7835
7771
7792
7972
7813
7747
8395
9403
7820
8449
8604
7747
7748
7754
7765
7837
7761
9055
7761
7848
8269
7797
8401
8551
7816
7994
7763
7772
7793
7781
9180
9398
7803
7804
7815
8434
7826
7776
7835
7834
8582
7794
7877
7841
7804
9158
7898
8463
7840
9422
7785
7786
7926
9382
7844
7853
8436
7949
9110
7782
7882
8312
7870
8481
7788
7811
7796
7796
7800
7981
8429
7903
8017
7938
7858
7905
7981
7893
7920
7875
7987
8256
7831
8104
8063
7862
7858
7926
8418
9353
7860
7937
8666
9353
8810
7853
8435
8712
7820
7837
7885
8184
7823
7903
8063
8478
9407
8468
9044
7821
7842
9407
7887
8274
8336
7847
8919
7880
7833
7906
7965
7821
9133
7854
7969
9121
7824
8484
8755
7966
9406
8107
8674
8220
8818
7839
7852
7962
7851
8428
7846
7900
7942
8422
7840
7883
7868
7843
7863
8442
7847
7854
7977
7981
7864
7876
9176
7891
7877
9404
7900
8422
7896
8955
7933
7983
8002
9160
7849
9389
7855
8540
9044
9423
7864
7884
7892
7872
7859
7865
8971
7871
7934
8064
7860
9110
9125
9313
9386
7883
8581
7880
7894
7945
7987
7874
7906
8990
9323
9428
7892
7896
7974
8010
8454
8587
7939
8430
8726
7977
9421
7889
8753
7894
9129
7909
8278
8747
8748
8997
7969
8710
8952
8723
9149
7912
7899
7891
8758
7934
7984
8016
8717
7974
7914
8964
7890
8753
7912
7950
7909
7910
7898
7956
8464
7946
8141
7954
8275
8495
8931
7935
8870
7973
7913
7989
7968
7956
9289
7916
9135
8139
7925
8926
7923
8755
7945
8012
9131
9293
7984
8006
8011
7921
7967
8454
8450
7946
7960
7947
7962
8490
7936
9206
8010
8030
8577
9094
7940
9122
9149
7952
8963
7957
9239
9261
8013
8388
7999
8016
9293
7936
7938
7989
7979
8487
7999
8277
8278
8160
9418
8710
9149
7943
7959
8153
8491
8973
7965
8736
7971
7975
8972
9009
7961
8479
8382
9068
7972
8726
8991
7967
8587
7958
9186
7968
7971
7973
8017
8936
7975
9226
9238
9239
8718
7964
8317
7982
8312
8478
8511
8736
8934
7992
8920
7985
8014
9325
8934
7994
8453
9284
8123
9422
7995
8003
9308
7985
8008
8003
9420
9011
9018
8001
8013
9158
8017
8451
8591
8980
8981
8445
9131
8934
8986
8304
9226
7999
8728
8739
7997
8454
8003
8004
8492
8613
8062
8010
8233
9408
8955
8484
8759
8976
8008
8976
8015
8467
8740
8016
8924
9131
8483
8740
8976
8019
9325
8337
8011
8035
8445
9128
9129
8488
8018
8988
8715
8717
8978
9325
8978
9327
8031
8136
8536
9139
8929
8773
8565
8028
8175
8232
8236
9097
8035
8575
9360
8237
8105
9082
8595
8605
8451
8044
8045
8056
9027
8057
9027
8088
8168
8042
8106
8129
8088
8103
8061
8062
8064
8430
8062
8064
8119
8120
8053
8120
8431
8432
8054
8413
8113
9210
8057
8059
8486
9212
9233
9250
8082
8330
9416
8810
8451
8067
8248
8217
8070
8074
8078
8155
8783
9388
8270
8456
8079
8610
8611
8677
9036
8085
8095
8600
8100
9244
9248
8107
8080
8291
8291
8606
8537
8084
8090
9395
8093
8087
8101
8231
8229
8789
8169
8962
9012
9039
8133
8147
8092
8994
8996
9235
8237
9057
8136
8114
8114
8122
8478
8102
8116
8143
9021
9163
8115
8547
8124
8459
9101
8118
8494
8174
8129
8166
8117
8130
8512
8517
8230
9212
8121
8120
8135
8818
9045
8135
8501
8600
8504
8517
8128
9354
8137
8159
9043
8247
8562
8152
9056
9162
8494
8144
8826
9161
8826
8873
8395
8403
9403
8375
8150
8152
8817
9042
9297
9104
8151
8733
8817
9348
8724
8808
9029
8158
8294
9353
8186
9187
9187
8169
8171
8187
8469
8187
8173
9150
8177
8181
8181
8608
8230
8180
9380
8188
8185
9127
8194
8223
8489
8406
8203
8271
9240
9240
9247
8324
8224
9258
8199
8200
8201
8545
8201
8210
8204
8476
8209
8208
8245
8209
8216
8330
8238
8391
8272
9415
9418
9252
8492
8224
8226
9388
8248
8229
8253
9248
8231
8246
9029
8235
8234
8439
8438
8439
8321
8255
9307
8503
9375
9431
8245
8498
8374
9190
8332
9388
8258
8309
8845
8271
8254
8309
9257
8285
8845
8294
9186
9192
8257
8870
8261
8275
8967
8297
9190
8286
9062
8280
8333
8657
8570
8267
8269
9381
8268
8269
9384
8302
9062
8501
8288
8335
8280
8279
9217
8292
8283
8414
8447
8283
8292
9134
9397
9146
9404
8287
8304
8302
9192
8666
9132
8501
9221
8296
8507
9340
8984
9087
9339
8374
8618
8766
9007
8301
8310
8450
8312
8303
8331
8461
8326
8611
8312
8313
8719
9136
8446
8511
8315
8316
8426
9193
8511
8348
8382
8323
9255
8391
8518
8345
8397
8332
8677
8719
8328
8338
9295
9302
8342
9429
8330
8371
8373
8341
8803
8680
8572
8594
8335
8408
8336
8575
9177
8342
8349
8356
8343
8461
8350
8344
8371
8346
8348
8367
8383
8350
9408
9191
8379
8381
9060
8353
8355
8415
8355
8526
8394
8798
9396
8358
8360
8433
8432
9125
8369
8941
8362
8364
8411
8363
8364
8366
8368
8367
8368
8383
8370
9012
8941
8372
8373
8765
8814
8376
8377
8378
8387
8393
8729
9200
8387
9072
8383
8385
8384
8385
8388
8388
8394
8491
9085
8392
8412
9161
8397
8399
9013
8398
8399
8401
8402
8441
8440
8408
8579
8409
8579
8411
8437
8431
8528
8429
8448
8419
8440
8419
8434
8441
8420
8437
8434
8435
8422
8423
8442
8443
9413
8426
8534
8428
9176
8449
9139
8433
8920
8436
8437
8439
8441
8443
8445
8444
8445
9410
8480
8456
8449
8473
8453
8586
8457
8461
8464
8465
8834
9342
8512
8760
9151
8463
8465
8464
8467
8743
8985
9011
8476
8477
8742
8988
9155
8479
8482
9414
8480
8511
8585
8483
8484
8486
8502
9036
8506
8578
8488
8590
8723
9009
8821
8726
9137
9139
9323
8501
8930
8990
8497
8500
9005
8828
9199
8825
8846
8506
8527
8505
8509
8967
9375
8537
9232
8550
9059
9096
9376
8932
9050
8615
8514
8515
8516
8516
8521
8530
8526
8534
8537
8530
8531
8533
8535
8788
8799
9295
9424
9230
8539
8540
9139
8542
8556
8558
8804
8548
9001
8940
8950
8549
9019
8555
8562
9204
8593
8597
9172
9162
8827
9017
8558
8565
8571
8950
8563
8782
8837
8571
8837
9190
8621
8954
8861
8588
9290
8572
8573
8768
8578
8584
8576
8585
8583
8677
8580
8582
8581
8583
8586
8582
8587
8677
8680
9177
8587
8599
8600
8590
8591
8595
8775
8602
8778
8603
8761
8807
8603
8835
8606
8610
9198
8609
8665
8618
8629
9284
9289
8831
9380
8624
8980
9281
8623
8766
8767
8626
8856
8908
9281
9287
8633
8908
8641
8643
8633
8854
8638
8860
9304
8901
8640
8901
8638
8893
9303
8894
8640
8858
8888
9118
8884
9112
9114
8646
8647
8850
9118
8651
9240
9247
8884
8945
8948
8654
8866
8654
8947
9102
9080
8877
8659
9080
8660
8663
8943
9300
9271
9279
8962
9311
9271
9279
9279
8672
9267
9268
8675
9093
8724
8733
8782
8780
9270
9266
9270
9145
9145
8909
8910
8683
8885
8684
9145
8689
8690
9307
8687
8689
8691
8693
8915
8697
9197
8915
8911
8914
8697
8699
8883
8701
8882
8702
9283
8703
8883
9242
8707
8708
8711
8712
8917
8713
8951
8920
8952
8716
8922
8921
8718
8933
9388
8722
8956
8723
8956
8957
8787
8989
8991
8728
8969
8992
8771
8772
8732
8930
9044
9423
9423
8737
8963
8739
8965
8937
8963
8744
9325
8742
8983
9155
8747
9120
8749
8753
9275
9276
8995
9120
8752
9277
9278
8751
8953
8980
8913
9013
8759
8964
8925
8927
8758
8927
9156
8928
9158
8928
8834
9022
8763
8764
8795
8765
8836
8966
8801
8832
9130
8783
8783
8788
9198
8776
8824
8777
8779
8779
8786
8798
8806
8785
8786
8787
8799
9228
9253
8790
8799
8813
8791
8824
9253
9273
8793
8794
8809
8795
8796
8795
8797
8830
9124
8815
9015
9074
8803
8805
8807
8815
8819
8841
9396
8830
9058
8839
8822
8823
8998
8835
8831
9350
8841
8868
8865
9188
8835
8982
9273
8846
8829
8843
9017
9163
9008
9163
9027
8966
9017
8998
8999
8864
8998
8923
8844
9000
9002
9054
9192
8848
9186
9004
8851
8852
8851
9274
8856
8855
9069
8860
9100
8859
8863
8938
8961
8867
9109
9240
8923
9107
8931
9147
9365
8878
8879
9046
9095
9047
8877
8878
8886
8883
9071
8883
8885
8889
8912
9085
9224
8889
9086
8891
8893
9113
8892
9115
8894
8894
8897
9332
8901
8899
9332
8900
8901
9091
8904
8908
8906
9091
8907
8908
8911
9141
9146
9278
8915
8916
9143
9220
9294
8919
9119
9124
9286
8920
9121
8922
8924
9128
9129
8926
8928
8928
9322
9040
8935
8936
8937
8937
8966
8940
8954
9012
8943
8944
9077
9078
8946
8947
8948
9103
8951
9148
9058
8952
8956
8962
8957
8957
8960
9132
9134
8966
9050
9066
8971
8972
8970
9292
9009
9011
8975
9327
8978
8977
9281
9284
9164
9154
8986
8987
9419
9420
9339
9140
9318
9140
9323
8995
9314
8997
9001
9003
9021
9005
9006
9178
9015
9136
9072
9176
9028
9244
9192
9151
9342
9028
9346
9025
9035
9335
9335
9361
9167
9171
9042
9049
9035
9036
9311
9194
9311
9326
9050
9059
9043
9060
9164
9188
9238
9060
9173
9179
9182
9182
9183
9164
9066
9197
9064
9272
9197
9067
9374
9070
9312
9312
9075
9076
9130
9080
9080
9083
9205
9357
9130
9088
9365
9096
9091
9091
9093
9280
9095
9111
9360
9099
9104
9103
9243
9106
9108
9109
9122
9122
9116
9117
9118
9116
9117
9120
9121
9125
9313
9360
9360
9414
9150
9291
9131
9134
9407
9287
9322
9165
9184
9322
9323
9143
9263
9145
9146
9263
9262
9262
9263
9157
9344
9154
9314
9166
9155
9160
9160
9365
9182
9217
9189
9168
9169
9171
9173
9366
9201
9185
9181
9185
9183
9185
9217
9234
9195
9228
9209
9367
9208
9228
9253
9207
9334
9218
9213
9211
9233
9216
9227
9221
9344
9262
9225
9357
9261
9239
9229
9232
9245
9356
9236
9321
9371
9256
9243
9247
9249
9315
9333
9330
9261
9290
9368
9264
9277
9268
9269
9269
9275
9274
9277
9282
9283
9285
9330
9289
9391
9292
9293
9302
9299
9300
9304
9305
9306
9307
9310
9312
9425
9316
9317
9322
9370
9355
9343
9351
9332
9332
9331
9339
9340
9336
9338
9361
9359
9347
9352
9348
9350
9356
9356
9358
9364
9371
9373
9434
9375
9376
9378
9379
9380
9380
9383
9384
9435
9386
9387
9425
9389
9389
9392
9393
9394
9394
9397
9404
9404
9399
9402
9403
9408
9409
9410
9410
9411
9413
9416
9430
9431
9420
9436
9422
9426
9426
9428
9429
9430
9430
9431
)


// ************************************************************************* //
