/*--------------------------------*- C++ -*----------------------------------*\
| =========                 |                                                 |
| \\      /  F ield         | OpenFOAM: The Open Source CFD Toolbox           |
|  \\    /   O peration     | Version:  2412                                  |
|   \\  /    A nd           | Website:  www.openfoam.com                      |
|    \\/     M anipulation  |                                                 |
\*---------------------------------------------------------------------------*/
FoamFile
{
    version     2.0;
    format      ascii;
    arch        "LSB;label=32;scalar=64";
    note        "nPoints:1688  nCells:4792  nFaces:11081  nInternalFaces:8087";
    class       labelList;
    location    "constant/air/polyMesh";
    object      neighbour;
}
// * * * * * * * * * * * * * * * * * * * * * * * * * * * * * * * * * * * * * //


8087
(
67
83
4414
1944
3388
3947
620
1213
3187
3872
24
1846
3950
3951
60
663
671
3084
9
2928
3694
3699
4116
4162
11
15
3694
3701
16
25
3631
4520
12
15
13
3855
4180
862
2444
781
2557
14
2837
3852
26
4185
781
3662
56
1752
3568
28
539
2730
187
195
2784
4567
20
33
3700
648
4613
4760
30
34
111
3865
27
1432
4118
4119
108
286
4385
37
4130
4131
56
63
1169
4164
35
4117
4120
30
31
47
232
1211
539
549
152
4561
2022
4123
4136
4553
2832
3701
4760
1550
1888
4561
914
3728
4151
39
3262
3810
4129
4132
4133
3049
3779
3810
3820
3031
4746
73
223
234
58
2783
3958
61
2882
3380
895
1449
1581
4724
232
238
239
3378
57
670
3779
4742
379
1025
1030
3393
519
612
99
4514
4614
93
1067
3975
4732
69
1168
4122
87
133
3411
100
1978
4584
66
115
1211
55
85
4358
385
2735
4191
78
3684
3031
3780
4747
69
3956
1067
2783
3113
3952
251
310
2363
122
3964
70
1412
4126
4785
78
3802
67
2620
4560
132
254
1607
175
3573
4451
71
79
176
4293
89
1421
3222
225
559
4525
3185
3355
3845
4741
375
4706
80
91
620
222
223
1204
4679
2735
4362
4536
174
3859
4200
3698
3816
154
249
105
4375
1215
1440
2847
110
134
367
3906
1841
2620
152
1116
1656
4316
4354
1536
1652
3370
4782
257
2675
102
166
306
765
771
3767
907
1234
2183
2259
3859
4375
94
121
2678
3425
231
3952
4733
137
180
3429
276
4287
4728
99
135
4512
483
3948
4190
4733
3972
3975
4734
4502
109
124
102
166
467
4527
117
138
410
1902
4123
4125
172
1243
3163
4165
497
571
3649
141
288
1493
126
819
3976
3744
4328
142
699
1728
3956
4167
4293
3444
4109
4491
321
435
3653
4533
147
1345
1493
2525
1782
3104
4174
4732
282
612
596
935
3570
136
979
3515
520
2215
3949
3951
3454
3568
3677
4520
984
3382
3591
3926
137
192
4074
2164
3963
130
974
1915
2723
142
1754
595
3661
3976
162
167
130
135
372
3259
191
4139
4155
304
3415
3746
379
381
184
1206
3573
4650
2721
4195
257
3414
202
1704
3652
206
208
138
305
900
200
3933
303
150
4573
4721
181
297
4431
239
1416
1404
1825
1890
3907
4721
581
1609
3215
3675
2090
2575
3876
463
1946
3474
165
1417
1744
1603
2051
2837
4183
273
3415
3728
166
171
161
1537
1873
2239
3503
3734
4278
4751
195
3424
1046
4481
4609
429
467
3567
3829
305
585
3163
3513
1175
1419
1537
1878
183
1198
3569
3677
181
2850
3180
4702
164
1878
173
3901
3922
179
490
787
1878
179
197
714
1008
3594
228
173
1093
2291
2299
3513
170
475
2244
2846
2509
3048
3163
228
344
2140
2291
3519
3914
3431
3481
282
3552
1206
2933
1427
2797
3155
2630
4367
4681
2618
4571
388
2842
4267
307
4429
241
374
3614
4370
1855
3453
2933
3890
196
203
3531
234
375
4714
211
4565
4722
849
3260
3714
4465
190
2775
3692
3714
2548
2880
207
637
200
2755
4491
315
318
4396
214
215
713
4599
559
4523
210
4481
4771
2029
4569
3487
3898
4193
286
2762
4712
3394
4188
227
1351
4389
4167
4169
210
224
240
3205
3376
3893
209
227
4380
221
381
1550
695
2505
1550
3268
4614
2675
4379
228
338
3410
4567
4588
260
2760
4384
3615
3813
4284
216
671
3463
216
217
218
805
675
894
894
1535
4548
1297
1519
1927
4183
355
417
3583
3394
3865
4379
236
3731
4729
242
1031
228
3540
232
302
1206
230
232
4525
4381
3591
4157
4160
238
4528
3972
3975
326
340
627
1541
1841
262
4177
4700
246
507
3500
253
3390
3891
4478
285
540
572
253
267
3229
3921
4363
4372
399
1841
4421
3951
3960
3965
260
279
4565
261
539
4381
341
2978
3504
639
853
3060
3561
547
3429
3929
4591
2933
4154
252
979
1875
4787
284
697
876
264
1895
3515
3376
3401
1976
4195
290
444
3631
3814
537
4728
4730
4772
4365
346
2027
2799
264
281
659
3468
549
4380
3483
4178
350
3677
4493
1502
3509
283
1782
4135
4163
336
1500
4369
3220
4399
4668
278
3426
3769
2462
4203
4361
271
334
4591
2140
4590
695
2479
4568
433
4151
300
745
1541
4175
405
4478
4779
4780
3863
4727
285
1300
1470
292
426
2952
4523
357
613
1534
1804
3082
4505
409
671
3182
4079
584
1600
288
4242
899
2386
3210
3981
1470
482
3493
3664
426
3160
3769
3263
3826
3835
4189
4417
349
421
3479
4576
376
1573
3565
646
1982
3504
3846
1217
3641
3658
4159
3180
3510
456
792
3138
3177
577
1657
2816
2822
336
4369
324
366
4277
3594
3663
4409
2128
4527
453
3676
856
3512
659
4482
3377
4702
1476
1984
2288
3622
314
329
2616
3257
474
2423
2459
1433
3090
3114
933
3456
3466
4144
347
2817
3458
3632
4315
476
2799
362
2430
2822
321
1080
2243
3967
346
768
479
3312
3664
4403
352
613
2817
4762
420
3869
3904
4088
4701
3149
3257
3633
4781
371
3249
4279
526
3463
3904
4028
1284
1927
2445
355
887
3971
334
335
3929
4085
4286
3010
3149
3616
4779
332
339
4077
345
3251
4312
374
1722
1910
2014
359
359
4587
1541
546
1943
3389
3391
344
401
345
354
2487
660
2072
2354
1141
1938
2850
463
1691
3389
380
1617
3742
415
358
4504
2219
352
369
361
489
629
4700
382
1406
4699
2715
3453
525
629
662
2386
357
3656
406
2834
3397
358
4304
502
445
4235
4267
4651
543
3247
4307
2295
363
4308
4310
373
2126
1464
2887
365
368
1689
1910
4181
370
3275
3355
371
3315
374
386
4191
3341
4106
389
3805
3185
3341
4639
390
3235
379
4226
4512
2813
3452
1938
652
1723
3566
522
2291
2295
1292
1861
2708
4788
393
427
3734
1025
2723
3814
4506
4696
3661
3666
3922
4317
394
431
436
1722
4358
4534
435
3108
4371
3276
3347
4073
4291
603
2845
4188
2196
3274
3272
3276
3809
441
1017
1469
502
4383
4603
429
1030
3567
398
3828
397
404
3828
4352
3333
3887
4657
4663
408
3193
3804
4352
4669
594
3613
3271
3274
3801
542
4609
2808
2811
4788
411
1861
2877
3695
408
414
478
3182
3705
3461
4574
419
3353
3704
4449
428
3175
2346
3548
815
2397
3057
416
2273
2877
2834
3395
3545
496
4378
4705
428
4103
534
4573
2256
2808
4429
423
953
444
989
3459
3477
1418
2897
4466
435
469
790
432
1446
474
907
2478
3884
683
3553
642
1281
3909
448
481
3946
3815
3970
439
4278
3202
4476
437
3908
602
1997
4556
461
3771
3490
4411
453
4479
447
449
3138
451
4507
4510
830
4226
4442
3493
3924
4403
615
1564
454
614
1164
473
4139
477
2363
2590
3900
3913
4157
4159
452
4572
536
661
4649
3172
3221
3635
3891
450
3086
3931
494
3109
3944
450
456
2536
458
4091
469
4535
4754
466
3539
4589
4641
548
558
515
3431
3457
458
4319
748
3259
4339
4720
698
3932
504
2199
3604
3858
506
508
882
1955
3142
3181
4098
488
3160
3970
1943
2561
2573
4371
4754
468
470
3784
484
2016
3517
4771
4773
3023
3142
3678
1290
1469
2972
3873
3675
3873
3874
478
493
2746
3886
1469
3868
2259
2363
1812
3140
4649
501
1507
637
3870
4139
505
4546
3607
3659
1399
2867
4434
485
494
3325
515
656
669
940
1704
3467
3539
492
4343
585
946
3418
3032
3597
3695
3731
3470
3484
1856
1954
4606
1730
2621
3617
3768
4351
4704
494
3181
4098
505
3877
3878
3822
711
889
3605
4541
502
3971
525
620
4606
3725
4166
4295
510
1135
2812
3313
656
3430
3493
2905
4398
555
632
857
2547
579
2300
2714
514
1342
516
1926
3560
733
4452
4731
516
524
1028
511
527
4647
568
684
545
3326
4648
614
821
975
517
3660
3878
521
1342
3660
3449
3605
530
899
4710
4717
519
531
592
3378
638
907
2477
1408
1415
1543
2299
2609
538
2851
3020
3930
530
3215
3644
1922
3201
898
3916
545
551
4324
855
1330
3646
1069
1240
3617
1252
3304
540
548
611
2810
2966
4368
557
560
4776
542
4559
788
1141
1613
1755
3129
4651
622
797
4789
3018
3403
3806
4394
3378
556
747
1319
3179
4695
742
3656
4334
4714
4716
563
3346
807
1845
3499
3420
4035
572
3865
553
2952
4524
563
4082
712
1644
2430
555
2674
2721
555
857
4387
4524
561
587
613
4529
562
2927
4065
862
2454
561
4387
562
570
3533
4409
573
3225
3323
4347
578
1475
2655
4623
569
3185
3969
4373
1347
1904
2903
632
2529
2674
2802
3486
589
4740
4747
573
604
761
796
714
3594
610
3044
589
590
4314
4373
604
3128
4776
3135
4550
4578
802
1628
1644
3996
4441
4643
896
1049
826
1418
3382
3588
2644
3876
4521
598
2910
3264
3266
635
657
1200
2479
3063
1350
658
2126
2489
1319
2817
630
2930
2935
3211
609
3638
2544
3823
4086
630
3229
3348
606
2454
3788
4349
4351
896
3604
819
3687
2145
2888
3266
2166
2379
2464
3265
3298
1005
3595
3642
1015
1041
1613
2888
3314
3912
649
654
1243
1373
2509
608
607
937
3319
612
2346
1096
3303
610
3011
4086
4780
4781
643
3260
617
636
3751
3167
929
1567
4171
4196
665
1910
4355
728
3173
3206
691
1657
2829
768
2780
4578
992
628
631
2989
825
4731
4789
759
3574
4663
652
743
1041
914
1185
2837
4152
789
2137
3978
899
1252
3981
663
2774
3027
2489
4177
2857
663
664
4548
1011
763
838
1314
1628
640
3074
3348
715
3457
4412
736
850
3176
3618
3427
3435
693
902
2905
2548
2857
845
983
1142
4420
1097
3402
2880
2935
3714
774
2843
3482
715
966
1275
4412
824
879
4440
651
2584
4670
3548
3551
3552
749
1064
717
2900
3184
3758
655
2763
4334
666
2788
2987
4768
1043
4393
4672
4675
2107
715
966
687
2393
4787
1541
1791
1047
4235
688
2393
2513
670
670
3670
667
4234
1029
2757
2906
1271
4357
678
679
4582
3534
3543
3000
2590
675
695
4723
685
702
2916
1237
1454
2054
4563
1040
1378
4003
4444
971
1129
1624
3234
686
2468
4571
686
689
783
807
1943
727
1119
1271
916
926
1298
1933
2590
3608
3618
4580
4594
731
882
2648
699
1839
688
2623
3492
1922
2911
699
4584
700
3283
4093
723
1126
764
1024
1420
740
1507
1534
752
1110
1508
2052
3239
3495
3758
701
776
3027
705
3283
3938
1868
705
2155
2405
3063
731
751
1275
2718
3592
741
745
1302
730
3216
708
709
2315
730
2155
3243
4280
716
2425
4622
729
732
1473
3039
4737
4790
1058
1724
3391
832
1579
3432
3608
4723
1417
1454
760
732
1588
4060
1083
2561
4758
3115
3318
3331
3672
952
2430
2887
1975
2098
4059
4602
805
1033
3463
783
827
1054
3405
848
2934
762
4220
4460
851
1069
1747
742
852
1534
829
1905
928
1630
2826
1715
2567
4281
4319
756
2751
1715
2098
1065
2395
4443
968
1794
3293
738
1414
2926
739
1414
1484
1074
2491
2547
4409
739
744
750
1859
852
930
1016
1402
1998
4692
4706
1383
1721
1402
2900
3184
3494
749
2912
1921
2020
3268
4556
1721
1932
3012
756
1780
840
1905
2052
1009
3234
4328
1247
2693
2814
2826
772
813
3489
1842
2704
765
767
3359
890
1153
2022
982
4671
886
2332
3471
1072
3514
2380
3473
766
3206
3680
892
3402
1536
782
2739
3782
771
3888
4392
836
860
1150
4616
780
793
1554
1778
3748
4084
839
872
782
2198
3620
3688
874
2983
830
875
3875
855
2157
1130
2736
3978
3980
812
2919
3580
1020
1830
2267
3923
798
1775
4488
960
3589
2215
2514
1121
791
794
1228
1053
1219
1648
1958
1485
3875
3905
870
1199
1825
1129
1810
1942
3586
3977
1140
3108
3884
800
1346
2976
831
3837
3839
798
858
800
804
812
868
1512
1965
1072
4606
1081
1349
859
2255
1115
2574
3912
1265
1625
803
1472
4268
4619
1262
1657
2917
4615
947
1334
1505
822
823
2967
828
809
1091
1138
2810
817
2418
920
1655
2051
2166
835
1004
2910
4745
892
3909
955
1006
1449
1021
2896
4271
1057
2821
3438
2929
2963
822
823
1654
1101
897
962
2924
877
960
841
1629
1160
1199
1081
4452
877
975
3920
3406
3409
1052
1100
948
1379
847
844
3133
3285
942
2745
908
1004
2908
950
957
1113
2973
976
3266
4577
4578
3862
3875
4442
1579
1623
3537
1197
4176
1459
1495
2102
1311
2203
844
906
3360
3837
1567
1806
1952
2009
849
3822
1221
1296
1831
849
906
911
875
3908
962
1276
3070
864
3197
3754
1097
1520
1045
2681
3197
3308
980
4341
4718
876
1087
1282
4406
859
1605
1627
2358
3954
4645
866
867
2977
3662
868
878
4745
889
3391
3959
901
1155
2713
3525
869
1407
2960
869
874
880
1665
884
1909
1175
1370
3968
879
996
4579
1313
3156
1058
1268
1318
2147
943
1618
2423
3589
880
2916
1209
2395
882
2084
912
4656
4658
4662
2023
915
923
1864
918
943
1872
886
1013
1637
3187
1456
2226
1366
1367
910
1173
1342
1381
3284
3308
1476
1984
1097
1178
1520
4696
3156
1001
1891
1939
4557
955
1003
4546
1031
1333
1903
1033
1189
918
979
1087
1071
2720
930
1014
1048
1826
2076
2213
913
3103
4753
3133
3932
4423
4466
3827
985
1107
2900
949
1068
1812
4649
1061
2956
4142
2775
3034
1462
1706
3596
1063
1405
932
972
934
1151
2061
921
3577
1040
1260
1893
2495
2072
3466
1152
1921
4339
1335
1424
1904
1933
1019
1568
2214
2831
934
936
1043
1340
4549
958
1120
3060
956
3092
3577
1568
1971
2214
1167
1364
1563
960
3662
1161
977
1061
4142
981
3568
3833
1578
4178
941
2428
976
2815
1867
2345
4610
4686
943
1578
3482
1152
1921
3278
1159
1233
2062
1863
2345
2436
952
1132
947
950
1238
1005
1165
3313
3595
1547
3151
1265
1824
2290
1869
2836
2896
951
954
1053
1265
3459
1012
1367
3565
970
2973
1042
4674
1322
2796
991
1212
3831
1235
2812
965
967
2501
965
1112
2125
2192
1286
973
1184
1553
3959
1573
1782
3104
3556
1272
4420
1200
4236
4237
4420
1046
2741
3344
1094
2891
3139
1053
2438
1306
2046
3504
981
984
1603
1294
3480
1122
1901
2741
1164
3381
1215
1447
3488
1015
1258
4386
4787
1229
3287
986
3052
1042
3335
1640
1881
4237
986
2188
1234
1290
2573
1716
3759
1630
2829
2934
990
2016
3517
994
1219
1996
998
1277
1450
3558
3606
1210
4601
1007
1029
4674
4675
1808
1847
2124
1326
1690
1745
4456
2395
4438
1442
2583
3544
3546
1076
1814
1218
1808
1849
2209
1021
1023
2691
4241
1614
1946
1050
1439
4570
1036
1581
3335
1190
3345
1176
4725
1060
4726
1164
1201
3381
1248
4690
2855
3162
3759
3761
2523
2547
3014
3643
1058
1077
1672
1226
3561
4334
1139
3501
1050
1439
1037
2234
2703
3639
2237
4141
1044
1088
1857
2613
2873
1189
1329
3918
1034
1047
1069
3402
1027
4382
1028
1035
3204
3210
1230
3033
4046
1051
3187
1085
4546
1356
1373
1049
1491
1769
3436
1619
1068
1869
1051
1066
4017
3358
3370
3683
1603
2660
2681
1039
1214
4033
4034
1309
1615
2213
1756
1770
1516
1055
1064
1102
1641
4217
1104
1161
3829
4694
1068
1761
1920
2129
4551
2651
1078
3644
1358
3499
1592
1099
1244
3787
4672
4674
1703
2710
3537
4652
4750
4202
1063
3065
4756
1085
1086
1544
1073
2783
3113
4755
2942
3572
4452
1078
1988
2043
2588
1108
1603
2188
3639
1380
3522
3451
1168
1279
1345
2618
4530
1084
1092
3254
4228
3516
3520
1637
1785
1939
1675
4770
1139
3501
3977
1332
1435
1552
1188
1147
1205
3561
3562
1107
4756
4757
1095
1938
3219
1090
2856
3879
4676
1892
1323
1506
3997
1098
1103
1653
2746
2913
3879
1127
3519
3666
1109
1851
1101
3518
1570
4600
1458
1508
1851
1202
3593
1124
1627
1962
3407
3409
1121
1358
3581
1317
2372
3639
1124
1143
1289
2019
1319
1320
1653
1162
1171
1713
1331
1253
1596
2206
1328
1786
1119
1786
1114
1117
1496
1888
1133
1142
3957
1212
1307
1116
1498
3145
3314
4767
3291
4561
1702
1794
2021
2145
3028
3915
1328
1725
3564
1244
1268
1939
2021
1128
1134
1339
1151
2061
1799
1801
2793
4205
1262
1276
1305
3549
4542
1911
2324
1645
1699
2752
3501
4175
1153
1834
2164
1249
2806
1148
2514
3108
1145
2187
1232
1235
1192
1566
2247
2269
1173
1371
1384
1224
1305
3498
1332
2194
3113
1495
1516
1148
1149
1151
1664
4761
1169
1274
3629
3852
1191
1807
1707
1923
2085
2660
3598
3599
1187
2198
1187
1660
4174
1294
3135
3959
3173
4718
1908
1174
1181
4686
1394
4508
1798
2792
4209
4667
1800
2497
4213
4454
2442
4301
4445
1969
1977
1209
1825
1195
1466
3421
1227
1236
3713
3594
1232
1678
1174
1182
1354
3331
1598
1630
1179
1666
2886
1177
1186
1674
1324
2170
1464
2915
3915
3919
2450
1313
1662
4592
4719
1203
1336
2033
1548
1549
1279
1435
1246
2725
3637
4036
1182
1183
1185
1571
1185
4273
1291
1589
3499
3854
1203
1241
2694
3884
1486
1499
2013
1259
1331
1598
1828
2211
2356
1198
3454
3826
4490
1317
4217
4462
1267
1362
2112
2150
3083
1313
3968
1202
1855
1982
3351
4412
1237
2112
3826
1245
2111
1385
3377
4698
1226
1310
1211
1329
1371
3919
1228
1514
2493
1404
1213
1220
1538
1223
2160
1246
2083
4265
1259
1517
1532
2854
2966
1752
3379
3897
1643
1818
2058
1257
1847
1223
1225
2198
2294
2373
1593
2351
3654
4025
1239
2104
1686
2796
1239
1673
1267
1584
2670
1542
3291
4718
1838
4045
4656
1318
1888
3405
4109
1680
1521
2222
3749
4570
1796
1586
3787
2065
1307
1448
1468
1877
1420
1730
1245
1681
4406
4407
4530
1427
2140
1606
1718
1848
1252
1760
1364
1386
1258
1645
1304
3014
1273
1280
4750
1354
1369
3478
1256
1256
1266
1760
1287
1778
2190
1376
1462
1706
1743
1274
4183
1957
1958
1587
1453
3546
3761
4224
1701
3514
3595
1395
1405
2561
2573
4757
1489
1707
1812
1771
1451
1596
2071
1374
1888
2723
1284
1403
1916
1340
2988
4550
1379
1375
1741
4422
1283
1359
2109
1451
4423
1456
1411
1996
2124
1960
4601
4606
1332
1283
1292
4652
1406
4696
1350
2103
1312
4751
1500
1339
2893
2903
1411
1438
1293
1554
1323
1973
2664
4217
1295
1362
1439
4754
3450
3480
1312
2708
2196
3458
3954
1369
2028
1974
2173
4422
1315
1424
2051
1322
1620
1437
2282
2290
4407
4530
1310
1422
3598
3498
3529
1304
1355
2841
1413
1697
1461
1634
2416
1622
2853
2854
2890
1525
1602
1445
1729
2901
2714
3695
1410
1594
2710
1325
1951
1458
1718
3219
2197
3391
3754
1612
3398
1395
1410
1628
1683
4467
4473
1344
1676
1916
1927
1716
1744
3759
1860
3048
4021
4432
4234
2034
1491
2157
1372
2275
1390
1438
1448
1542
1389
2464
1360
1514
2493
1353
1593
1642
2364
1528
1763
4233
4447
1347
1383
1471
1743
2695
4250
1384
1404
1466
2396
1663
2422
1470
2621
2286
2493
2957
1807
1380
1382
3528
1412
2355
4772
1658
2376
2675
3840
1436
1748
3563
1616
1651
4227
1515
1467
1846
1423
1675
1860
1461
2380
2530
1562
1447
3439
3488
2574
4767
1426
2376
3882
1452
1819
2324
2901
1749
1368
1425
1879
1806
1889
3566
1460
3400
3416
1556
1802
1825
1964
1396
1457
2036
3393
1445
1452
2496
3983
2497
3990
2267
2498
3997
1742
2499
4006
1388
1670
1543
1693
1409
1441
2942
2057
1635
4551
2007
2693
1521
1977
2092
1443
2803
1424
1519
1620
1933
1497
1503
2067
3525
1393
1762
2039
4012
1526
2193
1577
1636
1583
1530
4757
1478
2878
4231
2410
2875
4207
4627
2879
4297
1475
4596
4620
2555
3228
4107
4575
4175
1500
3006
4755
1446
1633
3557
1738
2024
4724
3392
3531
1941
1781
1421
4605
1440
1467
2293
2375
3660
4717
1417
1493
2249
1451
3663
1420
3156
2384
1565
2038
1582
1988
4018
1460
1492
3437
4365
2842
3448
2408
4107
4265
4496
2407
4428
4653
2309
2409
2556
4620
2308
2554
4230
3530
3591
3953
1502
2090
2575
1652
1685
3370
3967
1987
3600
1459
1494
1914
1453
1503
3399
3547
4060
4062
2290
3423
1614
1702
3404
1569
4517
1632
1751
1827
1576
2416
3382
1595
1457
2249
1635
2714
4551
2718
1533
1866
1824
1497
3399
4460
1540
3550
2267
2475
4416
2615
3547
4063
4597
1728
1561
1712
1955
3143
1974
2004
2294
4269
4498
1474
2246
2500
1834
2044
2244
2864
2939
2409
2411
4439
2551
2868
1746
2886
3530
4119
2421
3987
4684
2419
3994
4249
1483
1504
2065
3379
1520
1745
1747
1557
1654
1885
1618
1784
1850
2355
1501
1772
1871
1507
1531
2799
2096
3140
1719
1912
1917
4017
2605
1497
1817
1899
1495
1513
1755
3404
3475
4704
4773
1656
4704
1850
3384
1577
4544
1688
3114
1670
1520
1548
1535
1714
1750
1805
1937
1837
2030
1734
1776
1920
4025
1723
1782
1952
4734
1614
1702
2021
1608
1865
1516
2320
1789
1580
1611
4692
1679
2937
1604
1615
3645
4432
2465
2685
1617
2193
2636
4011
2639
3576
4016
1776
2635
2637
4625
2638
4034
2634
4010
1602
1761
2632
1593
1642
1669
1917
2633
2639
4634
1533
2477
1534
1559
1557
1732
1816
1561
3671
3222
1662
1576
1668
2531
3546
4222
4224
1829
2944
1779
1963
1632
1693
1661
2278
2703
2999
1727
2957
2976
1658
2108
4284
4696
4697
3865
1555
1558
2187
2243
3900
1638
3098
1605
3398
1563
1863
2138
1595
1611
1629
1936
1563
1598
1804
1997
1769
1944
1971
2872
1621
1647
1788
1567
2092
1569
1655
1574
1928
1585
2326
1639
1673
4601
1580
2462
1584
1679
2683
1723
2040
2709
1715
1975
1981
2005
1793
1992
3466
1709
2745
1708
1685
2303
4046
4655
1777
1900
1731
1806
4186
1606
1731
1613
1810
2068
2650
2858
1621
1638
1601
1666
2110
1705
2049
4233
4635
1648
1771
1726
1599
2056
2069
1639
2188
3760
1726
1763
2635
2710
3962
2651
4155
2025
2886
2213
1616
2364
4432
1612
1647
2141
2480
4554
1712
1965
1790
2023
2181
1694
2182
3530
1695
1627
2083
2212
1650
4433
2092
2381
1714
2026
1898
1717
1668
1813
1628
1644
1634
1699
1896
1970
1643
2032
2165
1962
1692
1828
1665
1772
2993
2060
1739
2081
1821
2922
1740
3525
1817
1899
1843
1687
1831
2011
4054
1830
4047
4552
3030
4227
1849
1810
1770
4259
4260
4444
1720
2078
1664
2342
4761
1651
4013
1758
1700
4761
2293
1687
2515
2470
1674
1681
3280
1881
1907
4635
2180
2725
3210
1876
1809
1868
1729
1865
2969
2079
2717
3599
1811
1684
2486
4029
3525
3551
3552
4607
1724
2369
2718
3143
4767
3571
4021
1728
1868
2253
3991
4248
4252
1701
1887
1787
1887
1934
1696
2261
4250
4253
4683
1686
1979
1734
1991
4025
1870
1835
1695
2401
3509
1722
4408
1744
1747
3617
1862
2369
1732
2890
1698
2443
3587
1708
1718
3250
1783
1835
1947
2006
1985
1840
2008
2074
3538
4558
2062
3948
2694
4012
4227
4454
4658
2153
2166
3537
3538
1944
2214
2459
4134
1727
1928
2247
1906
3384
3572
2228
3733
1752
3926
1720
1766
3231
2083
4019
4633
1803
2988
3899
3389
3592
1748
1913
3654
2142
1864
1878
1833
2854
1912
2180
4036
4049
1935
2175
1765
2080
2165
2272
3985
4258
4683
1792
1873
1876
4713
4717
2094
2310
1953
2017
1981
3983
4258
1756
2562
3990
4252
2525
1752
3814
2025
2221
2054
2133
1788
2042
1773
2048
4468
1813
1940
1767
2001
3425
1792
1802
2047
1893
3645
4023
4298
4015
4232
1776
2556
2637
3637
4033
2552
4240
1768
4010
4433
2551
4448
1917
2553
2633
1775
1778
1820
1843
2075
3579
1823
1995
2039
2649
1945
1894
2064
1886
2003
3992
1968
1972
4046
4655
1818
2058
3654
1781
2114
1789
1940
1822
2919
1914
2089
3549
1890
2545
1862
2369
1837
1795
1816
2105
2033
1871
4544
2072
3529
1978
1821
1852
3145
1833
1880
1913
1934
2420
2844
4007
4458
2496
4425
2441
2498
1853
2794
2441
2790
4627
1876
1820
1833
4529
1858
2702
4467
1844
1949
2398
1839
2528
1852
1961
2085
1983
1949
2031
2068
2129
2175
4622
1884
2132
2151
1864
1867
1924
1980
1842
1874
1860
4018
4299
1905
2351
2897
4025
4719
4724
1903
2924
2595
3596
1883
4416
2373
4053
2098
2592
4059
2246
2117
1923
2044
2833
1851
2045
2371
2424
1976
1870
2073
2304
3560
1897
1903
1904
3386
3389
2841
2872
2078
1866
2111
2031
1950
2041
2785
4453
4425
4426
4664
2268
3451
3452
1937
2234
4216
2333
3999
4468
1885
1932
2509
3045
4788
1891
2207
2265
2100
2030
1911
2873
2087
2993
1909
1989
2029
1919
3580
1895
2263
1906
2104
1899
1901
1939
1884
1924
4055
4637
1967
2011
2049
4637
1994
2434
4049
1936
1936
2045
2161
4656
2204
1952
3566
4562
1946
2103
2263
2002
2116
1896
2260
3067
3107
2176
1948
3012
1979
1999
4770
1941
2114
1915
2768
2056
3962
3964
1933
2123
1929
2486
4161
2246
4790
2118
4228
2101
2307
4633
2279
1999
3567
4770
1951
1931
2106
2129
2747
4004
1926
3559
3560
2175
2309
2776
3649
2262
1948
2602
2831
3623
1930
2960
2599
2148
2367
2483
2567
1955
1956
3166
2316
3576
4017
1948
2233
2077
4024
4625
2161
2909
4531
2095
2069
2063
2066
3405
3436
2272
2705
4259
1963
2159
2124
2113
2119
2038
3535
1992
2177
1960
4707
1965
1965
3580
1959
3844
2438
1996
2000
4586
1983
2086
2287
2024
2057
2191
2012
4050
4051
4270
1993
2654
4638
4042
4043
4654
2009
3543
2010
2176
2506
1995
2955
4042
2002
2116
4251
4683
4257
4444
2468
2480
2009
2029
2131
1985
2091
2125
4259
3183
4456
2122
4738
4790
2063
2037
3508
4220
2079
2133
2368
3576
2072
2284
2099
2130
3016
2941
3697
4029
2064
2011
2335
2012
2336
2511
4041
2016
2027
2019
3136
2205
2016
3521
2168
2678
2359
4462
2361
2661
2360
4251
2362
4257
2060
2159
2040
2042
2055
2073
2142
2976
2312
2653
4049
2026
2034
2015
3910
4355
3898
3899
2067
2177
2032
2302
3516
2028
4514
4614
2741
2164
3380
2084
2482
2121
2724
2325
4393
2082
2163
3516
2093
2149
2191
3183
3508
3846
2232
3414
3908
2046
4460
2051
3006
2511
3928
2231
2086
2091
2250
2147
2424
2723
2676
2382
3234
3296
2066
2102
2361
2564
4471
2322
4011
2179
3629
3851
2169
2135
2304
2504
3560
2249
2146
4782
2115
4125
2274
2165
3477
2087
2121
4724
2109
2277
2222
3652
2178
2139
2112
2202
2132
2941
3853
2115
2147
2161
2382
4216
2076
2097
4033
2134
2298
3485
2089
2168
2106
3663
2315
4026
4621
2327
2254
2190
3271
2118
2218
3115
3478
3644
2993
2833
2836
2143
2120
2391
2617
3174
4474
2208
2744
2184
2268
4490
2130
2218
2122
2149
2108
2435
2106
2127
3760
4060
2366
3673
2123
2139
2187
2207
2210
2519
2156
2138
2250
2747
3375
3449
2619
2201
2640
3628
2229
2266
2953
2224
2154
4467
2131
2208
2388
2170
2266
2134
2248
2276
2158
2144
2994
3732
2813
2289
4004
4037
2352
3512
4239
2374
2258
2226
2330
2167
2310
3557
2145
2211
3912
2560
3582
3980
2265
2314
2295
3533
3853
4199
2271
2158
2220
2156
2285
2242
2186
3858
2938
2231
2271
2238
2185
3381
2209
2255
2253
2261
2700
4250
2262
2400
2217
2241
4320
2195
2716
2235
2283
2216
3872
3753
2171
2357
4069
2229
2230
2244
4490
2462
2186
2236
2338
2210
2230
2422
3384
4070
4072
2432
4215
4454
4659
2431
3982
4424
2420
2663
4007
4026
2399
2311
2184
2202
2227
2502
2434
4017
2629
3675
2221
2699
2200
3435
2220
3083
3896
2199
2447
2391
3236
4068
4306
2196
3707
2240
3732
3957
2322
2275
3104
3884
2216
2257
2447
2531
4224
3619
2270
2259
2423
2341
2714
2251
2293
2342
2233
2298
2224
2258
2321
3637
3639
2345
2318
2390
2251
2242
3645
4019
2351
4134
2477
2872
2223
2224
2323
2455
4392
4393
2264
2740
2273
3614
2292
3471
2384
3767
4564
2365
2349
3169
2325
2344
2252
2328
2403
2305
2440
3437
2377
2278
2681
2238
2264
2248
2270
2831
2939
2252
2515
2580
2567
3733
4170
2323
2397
2269
2711
3871
2833
2281
3282
4075
2356
2957
2276
2389
2301
2328
2333
2385
2743
2446
4156
4404
4427
2285
2292
2319
4570
2327
2399
2272
2628
2543
2301
2437
2317
2302
2286
2709
2300
2404
3749
4427
3708
3877
3556
3900
2283
2287
2428
2938
4216
2330
2377
2451
2578
4083
4346
3237
4076
2320
3433
2341
2354
2388
2314
3186
3231
2358
2831
3623
4739
2512
3760
2332
3620
2305
2583
3998
4062
2425
2655
3998
4622
2457
2352
2341
2328
2340
2368
2371
2658
2533
4585
2415
2652
2863
2413
2414
4632
2654
4402
2411
4623
3016
2314
2365
2322
2373
2321
2372
4266
2367
2484
2485
2392
2394
2319
2378
2387
2353
4501
4012
2387
2893
3709
2506
2671
2460
2370
3343
4090
2429
2727
3286
4070
4646
2365
4245
2595
4042
4043
2594
4057
2593
4051
2343
2592
4061
2378
2691
2715
3517
3520
3453
3520
2375
2425
4060
4062
3669
3880
2406
2349
2471
3721
2427
3360
4099
2581
2452
3895
4089
2364
3907
3462
4692
2445
2953
4605
2526
2626
3310
4288
2481
2562
4463
2563
4254
4470
2565
4261
2651
3053
2374
2467
4024
2424
2485
3299
3321
4045
4047
2507
2912
3179
4365
2494
2426
2448
4361
2458
2440
2469
2383
2424
2484
3923
2789
2429
2538
3582
4144
2426
2472
2437
2453
2398
2516
4066
2422
2488
2489
2488
2503
2396
3421
2613
4125
2460
2461
2435
2696
2688
2798
2467
2471
3702
2453
2466
2461
2466
3003
3027
2444
3679
2550
4430
2555
4034
4618
2876
4218
4418
2552
4441
2887
2915
3643
2653
4619
2553
4631
2549
2918
2530
3606
2861
4229
4640
3519
3914
2860
4213
4215
2859
4301
2862
4209
4211
2528
3646
2613
2657
4096
2518
2534
2439
2474
4453
4455
4660
2570
2759
3621
2484
3923
2701
2449
2508
2449
2828
2787
4424
4664
2533
3908
2475
2499
4300
2456
2699
2454
2535
2481
2516
3760
3761
2464
2465
2524
3319
3331
4080
4082
4347
2614
4087
2539
2472
2507
2778
3590
2517
3492
2530
2569
2478
3030
2576
2558
3854
2557
2692
3793
2641
4360
2546
2625
2523
2529
2533
2545
2519
2619
2589
2542
3596
4453
4661
4053
4426
4419
4007
4059
4598
2573
2694
3949
4155
2673
4197
2540
2648
2659
2501
4055
3576
4024
4447
3282
4077
4503
2510
2544
4089
4313
2523
2618
4197
2617
2782
4100
2532
2517
2559
2702
2705
3162
3988
3995
4002
4009
2687
3719
2567
2581
4360
2953
3472
3601
2597
2733
3674
3618
4612
2764
2611
2518
2541
2845
2522
2568
2955
2531
2583
2520
2521
3782
4371
3447
2587
2623
2540
2719
2560
2911
2560
3582
2598
3601
4571
2539
2541
2621
3617
2532
2574
3299
4090
4093
4318
2568
2673
2579
2957
2609
2559
2600
2542
2599
2682
3243
2825
3042
3691
3764
2600
2752
2546
2586
2585
2627
2719
3107
4314
2609
2566
4406
3074
4010
4434
4016
4297
4450
4244
4630
4011
4231
4499
4624
2954
2566
2576
2643
4753
4464
3990
4255
3997
4472
3983
4262
2585
2598
3465
3626
2738
4736
2612
2647
4105
2677
4114
4282
4332
2644
2665
2587
2581
2589
2641
2689
3346
4324
2674
4195
2730
3446
3343
4092
4290
4292
4004
4613
4766
2586
2587
3104
3113
2631
3554
2684
4099
4329
4063
4052
4416
4054
4058
4044
2600
2622
2624
3016
3029
4554
2666
2612
2728
3337
2671
2737
2608
4068
4503
3459
3464
3606
4459
2649
2758
2626
3328
3343
2688
2712
3067
3282
3294
3907
3373
4096
4099
4330
2625
2627
3317
4335
2691
3894
4492
2690
2814
4087
4089
4315
3227
2621
2698
4693
2643
2656
2643
2656
2736
2631
4290
2666
2696
2706
2659
2772
3724
4349
2680
2638
4038
4022
2636
4014
4030
4015
4031
4039
4023
2750
3689
2680
2669
4166
4296
2713
3292
2692
2778
3168
3794
3306
4492
4673
3277
4076
2838
2781
2673
2855
3500
4139
4041
4653
4269
4640
3986
2911
2686
4338
2704
2733
2898
2717
3006
3993
4247
3982
4251
4684
4257
4445
4000
4218
2713
2720
2685
2749
2774
3027
2670
3713
3715
4109
2670
2672
2683
2894
2683
2865
4554
3412
2687
2706
3269
4111
2691
4241
2722
2782
4348
2685
3046
3299
4320
2937
3362
4332
3821
4342
4509
2773
2951
2727
4325
2693
2697
2986
2709
3619
2739
2779
3620
2732
2709
2711
2701
2800
2770
2702
2705
2739
2734
2909
2725
2771
2765
2994
2801
2761
3674
3740
2922
3915
2902
3107
4508
4589
2749
2758
2743
4369
2753
3090
3511
3533
4342
4777
2740
2750
3981
2728
3984
4314
4373
3354
3974
2745
2769
2823
4681
3357
4332
4511
4682
2734
2809
2756
2819
4121
2752
2771
2947
3105
2982
3718
3680
2824
2768
3552
3573
3574
4657
2752
4175
2766
2818
2806
2748
2871
3544
4199
3878
3879
2958
2946
2765
2931
2807
3755
2755
3033
3550
4656
2767
3752
2761
3747
2763
4675
2881
2932
3105
2952
3511
3741
4385
4689
2788
2781
2894
3745
2972
3874
2779
3680
4125
2777
3829
2806
2830
2820
2824
2911
3980
2968
3678
2849
3716
2925
4532
2999
3201
4202
3416
4769
3095
3550
3925
2802
4396
2959
3332
4350
3424
4126
4722
2794
4455
2814
2816
2822
4208
4665
2835
4566
4605
2793
4629
4005
4302
4461
4210
4665
4206
4214
2805
2997
3701
3092
2842
4651
2818
2951
2807
2819
2809
2849
4577
2839
4376
2808
2811
4388
3021
3694
2841
2899
2895
2852
3092
4652
3060
3486
3492
2847
3627
2826
2829
3398
3040
2895
2970
3095
3503
4223
3538
4628
2950
2923
2985
3206
3575
4337
4543
3832
3844
2841
4131
2870
2997
3527
3648
4766
4768
2884
3854
2898
2931
3062
3387
2852
2853
3092
3440
4604
4709
2859
4461
2846
3928
4123
4271
3014
2883
2889
2903
3765
4679
4692
3352
3364
2963
2966
2883
3544
4197
2906
2913
3830
3032
3730
3733
4303
4212
4214
4401
4402
4208
4210
2918
4428
4596
4643
2920
2929
3245
4615
4631
2879
2918
2878
4401
4439
4441
4643
2995
4764
2975
3886
3951
2896
2916
2919
4745
4000
4204
4205
4439
4596
3377
3731
4230
4430
3830
2959
2992
3962
4128
3577
2896
2914
2923
3009
3720
4149
2904
2890
2892
2983
4604
2893
2967
2940
2936
3663
3693
3004
2949
3757
2967
2991
3756
3266
3298
3060
2998
2921
3052
3162
3759
2910
3494
3046
3753
2926
2980
3057
3527
3028
3244
4575
2937
2963
2978
3150
4459
3045
3077
2934
2958
3000
2942
3146
3209
3324
2954
3021
4413
3064
4326
3047
2964
3024
3044
3830
2943
2949
2966
2999
4202
4136
2947
3022
3032
4786
3765
3792
2955
3002
2984
3009
3723
2974
3762
2962
2960
2977
3166
3772
2974
2996
2965
3413
3036
3017
3918
3919
2992
3005
3559
2979
2984
3739
3203
3327
3817
3072
3203
3305
2991
3073
3004
3023
3628
3629
2996
3242
2989
3003
4557
3055
3832
3807
2980
3013
2983
2990
3783
3054
3743
3026
2986
3050
3168
3024
3035
3118
3071
3764
3036
2998
3776
3008
4548
2994
3162
3500
3076
3015
3782
3112
3799
3808
3078
3037
3204
3019
3007
3068
3741
3017
3550
3925
3056
3100
3022
3041
3598
3085
3747
3012
3075
3111
3088
3883
3886
3128
4791
3098
3061
3088
3041
3049
3033
3928
3020
3144
3049
3779
3161
3106
3817
3120
3121
3051
3058
3710
3037
3061
3570
3673
3674
3059
3084
3779
4153
4188
3827
3836
3093
3717
3091
3297
3165
3220
4323
3719
4736
4737
3055
3073
3820
3169
3720
4423
3047
3085
3745
3137
3377
3052
3197
3109
3053
4708
3110
3242
3124
3881
3164
3130
3281
3125
3368
3097
3063
4568
3532
3123
3770
3130
4739
4744
3089
3510
4437
3134
4364
3096
3099
3069
3124
3889
3509
3285
3843
3944
3780
4749
3260
4774
4791
3077
3122
3131
3248
3355
3117
3364
3098
3135
3101
3117
3127
3106
3112
3082
3090
3522
3150
3164
3477
4488
3101
3119
3796
3114
3379
3182
4742
3944
3178
3931
3093
3132
3766
3616
3320
3635
3152
3171
3190
3126
3147
3327
3168
3102
3750
4758
3175
3804
3959
3102
3103
3109
3120
3192
3116
4410
3116
3203
3624
3152
3756
3906
3171
3349
3118
3127
3148
3136
4535
4753
3158
3159
3170
3789
3181
3131
3190
3189
3937
3149
3232
3196
3159
4513
3253
3818
3195
4777
3140
3141
3281
4737
3199
3208
3791
3304
4465
3137
3237
3667
3225
3836
3143
3166
3151
3151
3155
3336
3784
3258
3372
3293
3213
3260
3336
3248
3275
3230
3342
3611
3186
3459
3418
3217
3213
3281
3773
4708
3215
3292
4021
4708
4165
3208
3790
4067
3175
3192
3240
3539
3178
3258
3418
3833
4762
3823
4399
3176
3197
4762
3242
3629
3691
3202
4274
3235
3188
3261
3320
3176
4488
3209
3324
4476
3179
3839
4110
3321
4761
3462
4029
3575
4173
3194
3207
3317
3206
3783
3201
3255
3297
3777
3195
3238
3223
3198
3218
3797
3202
3209
3332
3336
3219
3231
4531
3246
3232
4759
3255
3777
3251
4310
3288
3338
3357
4515
3204
4744
3210
3895
4399
4778
3219
3239
3247
3227
3214
3220
4326
3226
3289
3419
3215
4465
4480
4668
4741
3238
3936
3235
3249
3300
3342
3229
3261
4345
4678
4783
3247
3251
3329
3365
3809
3942
3294
3785
4081
3332
4776
3244
4108
3249
4484
3264
3633
4102
4103
4352
3324
4065
4307
4078
4504
3267
3254
3246
4113
3289
3339
3371
4072
3329
3269
4319
3245
4108
3267
3305
3264
3265
3253
3311
3819
3301
3496
3309
3630
3850
4286
3290
4225
3328
3268
3344
3323
3311
4644
3271
4490
3494
3280
4281
3278
4110
3300
3367
4486
4648
3339
3361
3366
3276
3322
3809
3805
3301
3315
3302
3317
3845
3291
4561
3365
3385
3932
4449
3295
4477
4504
3307
4318
3312
4594
4616
3368
3743
3354
3371
4648
3291
3293
3344
3334
3842
3354
3632
3633
3515
4773
4065
4504
3298
3314
3508
3846
4328
3320
4091
3326
3330
4327
4364
3316
3834
3737
4423
3327
4081
4346
3322
3942
3313
4541
3323
3326
3328
3372
4291
3330
4581
4593
4594
4073
3319
3672
3337
3667
3833
3866
4091
4289
3347
4275
3340
3369
4680
4289
3349
3808
4639
3478
4777
3350
3358
4663
3340
3363
3358
4775
4366
4373
3356
3368
4513
3372
3806
3946
4335
4336
3800
4486
4289
4341
3659
4581
3354
4083
4094
3352
3809
3358
3359
3847
3968
3417
3365
3588
4763
4310
3839
4114
4331
3363
4331
3370
3822
4095
3371
4279
4486
3838
4095
4331
3374
4680
3692
3366
3390
3800
4483
4484
3843
3373
4343
4070
4072
4333
4680
4333
4682
3386
3491
3891
4494
4284
4128
3920
3383
3530
3587
3591
4452
3390
3930
4715
3592
3460
4437
3950
3960
3806
3399
3400
3411
4382
3412
4382
3443
3523
3397
3461
3484
3443
3458
3416
3417
3419
3785
3417
3419
3474
3475
3408
3475
3786
3787
3409
3768
3468
4565
3412
3414
3841
4567
4588
4605
3437
3685
4771
4165
3806
3422
3603
3572
3425
3429
3433
3510
4138
4743
3625
3811
3434
3965
3966
4032
4391
3440
3450
3955
3455
4599
4603
3462
3435
3646
3646
3961
3892
3439
3445
4750
3448
3442
3456
3586
3584
4144
3524
4317
4367
4394
3488
3502
3447
4349
4351
4590
3592
4412
3491
3469
3469
3477
3833
3457
3471
3498
4376
4518
3470
3902
3479
3814
4456
3473
3849
3529
3484
3521
3472
3485
3867
3872
3585
4567
3476
3475
3490
4173
4400
3490
3856
3955
3859
3872
3483
4709
3492
3514
4398
3602
3917
3507
4411
4517
3849
3499
4181
4516
4181
4228
3750
3758
4758
3730
3505
3507
4172
4397
4652
4459
3506
4088
4172
4703
4079
4163
4384
3513
3649
4708
3541
4542
4542
3524
3526
3542
3824
3542
3528
4505
3532
3536
3536
3963
3585
3535
4735
3543
3540
4482
3549
3578
3844
3761
3558
3626
4595
4595
4602
3679
3579
4613
3554
3555
3556
3900
3556
3565
3559
3831
3564
3563
3600
3564
3571
3685
3593
3746
3627
4770
4773
4607
3847
3579
3581
4743
3603
3584
3608
4603
3586
3601
4384
3590
3589
3794
3793
3794
3676
3610
4662
3858
4730
4786
3600
3853
3729
4545
3687
4743
3613
3664
4200
3626
3609
3664
4612
3640
4200
3649
4541
4547
3612
4225
3616
3630
4322
3652
4545
3641
4417
3635
3688
4012
3925
3622
3624
4736
3623
3624
4739
3657
4417
3856
3643
3690
3635
3634
4572
3647
3638
3769
3802
3638
3647
4489
4752
4501
4759
3642
3659
3657
4547
4021
4487
3856
4576
3651
3862
4695
4339
4442
4694
3729
3973
4121
4362
3656
3665
3805
3667
3658
3686
3816
3681
3966
3667
3668
4074
4491
3801
3866
3670
3671
3781
4548
3866
3703
3737
3678
4610
3746
3873
3700
3752
3687
4032
4074
3683
3693
4650
4657
3697
4784
3685
3726
3728
3696
4158
4035
3927
3949
3690
3763
3691
3930
4532
3697
3704
3711
3698
3816
3705
3699
3726
3701
3703
3722
3738
3705
4763
4546
3734
3736
4415
3708
3710
3770
3710
3881
3749
4153
4751
3713
3715
3788
3787
4480
3724
4296
3717
3719
3766
3718
3719
3721
3723
3722
3723
3738
3725
4367
4296
3727
3728
4120
4169
3731
3732
3733
3742
3748
4084
4555
3742
4427
3738
3740
3739
3740
3743
3743
3749
3846
4440
3747
3767
4516
3752
3754
4368
3753
3754
3756
3757
3796
3795
3763
3934
3764
3934
3766
3792
3786
3883
3784
3803
3774
3795
3774
3789
3796
3775
3792
3789
3790
3777
3778
3797
3798
4768
3781
3889
3783
4531
3804
4494
3788
4275
3791
3792
3794
3796
3798
3800
3799
3800
4765
3835
3811
3804
3828
3808
3941
3812
3816
3819
3820
4189
4697
3867
4115
4506
3818
3820
3819
3822
4098
4340
4366
3831
3832
4097
4343
4510
3834
3837
4769
3835
3866
3940
3838
3839
3841
3857
4391
3861
3933
3843
3945
4078
4364
4176
4081
4492
4494
4678
3856
4285
4345
3852
3855
4360
4183
4554
4180
4201
3861
3882
3860
3864
4322
4730
3892
4587
3905
4414
4451
4731
4287
4405
3970
3869
3870
3871
3871
3876
3885
3881
3889
3892
3885
3886
3888
3890
4143
4154
4650
4779
4585
3894
3895
4494
3897
3911
3913
4159
3903
4356
4295
4305
3904
4374
3910
3917
4559
3948
3952
4527
4517
4182
4372
3913
3920
3926
4305
3918
4137
4192
3926
4192
4545
3976
4309
4216
3943
4645
3927
3928
4123
3933
3939
3931
3940
3938
4032
3935
3937
3936
3938
3941
3937
3942
4032
4035
4532
3942
3954
3955
3945
3946
3950
4130
3957
4133
3958
4116
4162
3958
4190
3961
3965
4553
3964
4020
3973
3984
4639
4644
4186
4735
3979
4335
4636
3978
4121
4122
3981
4211
4263
4636
4642
3988
4263
3996
3998
3988
4209
3993
4215
4659
4256
3995
4256
3993
4248
4658
4249
3995
4213
4243
4473
4239
4467
4469
4001
4002
4205
4473
4006
4595
4602
4239
4300
4303
4009
4221
4009
4302
4457
4435
4232
4014
4435
4015
4018
4298
4655
4626
4634
4317
4666
4626
4634
4634
4027
4622
4623
4030
4448
4079
4088
4137
4135
4625
4621
4625
4500
4500
4264
4265
4038
4240
4039
4500
4044
4045
4662
4042
4044
4046
4048
4270
4052
4552
4270
4266
4269
4052
4054
4238
4056
4237
4057
4638
4058
4238
4597
4062
4063
4066
4067
4272
4068
4306
4275
4307
4071
4277
4276
4073
4288
4743
4077
4311
4078
4311
4312
4142
4344
4346
4083
4324
4347
4126
4127
4087
4285
4399
4778
4778
4092
4318
4094
4320
4292
4318
4099
4680
4097
4338
4510
4102
4475
4104
4108
4630
4631
4350
4475
4107
4632
4633
4106
4308
4335
4268
4368
4114
4319
4280
4282
4113
4282
4511
4283
4513
4283
4189
4377
4118
4119
4150
4120
4191
4321
4156
4187
4485
4138
4138
4143
4553
4131
4179
4132
4134
4134
4141
4153
4161
4140
4141
4142
4154
4583
4608
4145
4154
4168
4146
4179
4608
4628
4148
4149
4164
4150
4151
4150
4152
4185
4479
4170
4370
4429
4158
4160
4162
4170
4174
4196
4751
4185
4413
4194
4177
4178
4353
4190
4186
4705
4196
4223
4220
4543
4190
4337
4628
4201
4184
4198
4372
4518
4363
4518
4382
4321
4372
4353
4354
4219
4353
4278
4199
4355
4357
4409
4547
4203
4541
4359
4206
4207
4206
4629
4211
4210
4424
4215
4455
4214
4218
4293
4316
4222
4464
4595
4278
4462
4286
4502
4720
4233
4234
4401
4450
4402
4232
4233
4241
4238
4426
4238
4240
4244
4267
4440
4579
4244
4441
4246
4248
4468
4247
4470
4249
4249
4252
4687
4256
4254
4687
4255
4256
4446
4259
4263
4261
4446
4262
4263
4266
4496
4501
4633
4270
4271
4498
4575
4649
4274
4474
4479
4641
4275
4476
4277
4279
4483
4484
4281
4283
4283
4677
4395
4290
4291
4292
4292
4321
4295
4309
4367
4298
4299
4432
4433
4301
4302
4303
4458
4306
4503
4413
4307
4311
4317
4312
4312
4315
4487
4489
4321
4405
4421
4326
4327
4325
4647
4364
4366
4330
4682
4333
4332
4636
4639
4519
4509
4341
4342
4774
4775
4694
4495
4673
4495
4678
4350
4669
4352
4356
4358
4376
4360
4361
4533
4370
4491
4427
4531
4383
4599
4547
4506
4697
4383
4701
4380
4390
4690
4690
4716
4522
4526
4397
4404
4390
4391
4666
4549
4666
4681
4405
4414
4398
4415
4519
4543
4593
4415
4528
4534
4537
4537
4538
4519
4421
4552
4419
4627
4552
4422
4729
4425
4667
4667
4430
4431
4485
4435
4435
4438
4560
4712
4485
4443
4720
4451
4446
4446
4448
4635
4450
4466
4715
4454
4459
4458
4598
4461
4463
4464
4477
4477
4471
4472
4473
4471
4472
4475
4476
4480
4668
4715
4715
4769
4505
4646
4486
4489
4762
4642
4677
4520
4539
4677
4678
4498
4618
4500
4501
4618
4617
4617
4618
4512
4699
4509
4669
4521
4510
4515
4515
4720
4537
4572
4544
4523
4524
4526
4528
4721
4556
4540
4536
4540
4538
4540
4572
4589
4550
4583
4564
4722
4563
4583
4608
4562
4689
4573
4568
4566
4588
4571
4582
4576
4699
4617
4580
4712
4616
4594
4584
4587
4600
4711
4591
4676
4726
4611
4598
4602
4604
4670
4688
4685
4616
4645
4723
4619
4632
4623
4624
4624
4630
4629
4632
4637
4638
4640
4685
4644
4746
4647
4648
4657
4654
4655
4659
4660
4661
4662
4665
4667
4780
4671
4672
4677
4725
4710
4698
4706
4687
4687
4686
4694
4695
4691
4693
4716
4714
4702
4707
4703
4705
4711
4711
4713
4719
4726
4728
4789
4730
4731
4733
4734
4735
4735
4738
4739
4790
4741
4742
4780
4744
4744
4747
4748
4749
4749
4752
4759
4759
4754
4757
4758
4763
4764
4765
4765
4766
4768
4771
4785
4786
4775
4791
4777
4781
4781
4783
4784
4785
4785
4786
)


// ************************************************************************* //
