/*--------------------------------*- C++ -*----------------------------------*\
| =========                 |                                                 |
| \\      /  F ield         | OpenFOAM: The Open Source CFD Toolbox           |
|  \\    /   O peration     | Version:  2412                                  |
|   \\  /    A nd           | Website:  www.openfoam.com                      |
|    \\/     M anipulation  |                                                 |
\*---------------------------------------------------------------------------*/
FoamFile
{
    version     2.0;
    format      ascii;
    arch        "LSB;label=32;scalar=64";
    note        "nPoints:1688  nCells:4792  nFaces:11081  nInternalFaces:8087";
    class       labelList;
    location    "constant/air/polyMesh";
    object      owner;
}
// * * * * * * * * * * * * * * * * * * * * * * * * * * * * * * * * * * * * * //


11081
(
0
0
0
1
1
1
2
2
2
2
3
3
3
3
4
4
4
4
5
5
5
6
6
6
7
7
7
7
8
8
8
8
9
9
10
10
10
11
11
12
12
13
13
13
14
14
15
15
16
16
16
17
17
17
18
18
18
18
19
19
19
20
20
20
21
21
21
21
22
22
22
22
23
23
23
24
24
24
25
25
26
26
27
27
27
28
28
29
29
29
30
30
31
31
32
32
32
32
33
33
33
34
34
34
35
35
35
36
36
36
37
37
37
38
38
38
38
39
39
40
40
40
41
41
41
42
42
42
43
43
43
43
44
44
44
44
45
45
45
45
46
46
46
46
47
47
48
48
48
49
49
49
49
50
50
50
51
51
51
52
52
52
53
53
53
54
54
54
55
55
55
56
56
57
57
57
58
58
59
59
59
59
60
60
60
61
61
62
62
62
62
63
63
64
64
64
65
65
65
66
66
67
68
68
68
69
70
70
70
71
71
71
72
72
72
72
73
73
74
74
74
75
75
75
75
76
76
76
77
77
77
78
78
79
79
80
80
81
81
81
82
82
82
82
83
83
84
84
84
85
85
86
86
86
86
87
87
88
88
88
89
89
89
90
90
90
90
91
91
92
92
92
92
93
93
93
94
94
94
95
95
95
96
96
96
97
97
97
97
98
98
98
99
100
100
101
101
101
101
102
102
103
103
103
103
104
104
104
104
105
105
105
106
106
106
107
107
107
108
108
109
109
109
110
110
110
111
111
111
112
112
112
112
113
113
113
113
114
114
114
114
115
115
116
116
116
117
117
117
118
118
118
118
119
119
119
119
120
120
120
120
121
121
121
122
122
123
123
123
123
124
124
125
125
125
126
126
127
127
127
127
128
128
128
129
129
129
130
130
131
131
131
131
132
132
133
133
134
134
134
135
135
136
136
136
137
137
138
139
139
139
140
140
140
141
141
142
142
143
143
143
144
144
144
144
145
145
145
146
146
146
147
147
147
148
148
148
148
149
149
149
150
150
151
151
151
152
153
153
153
153
154
154
155
155
155
156
156
156
156
157
157
157
157
158
158
158
158
159
159
159
159
160
160
160
160
161
161
162
162
162
163
163
163
163
164
164
165
165
165
166
167
167
168
168
168
169
169
169
169
170
170
170
171
171
172
172
173
173
174
174
175
175
176
176
177
177
177
178
178
178
179
179
180
180
180
181
181
182
182
182
182
183
183
184
184
185
185
185
186
186
186
187
187
187
188
188
188
188
189
189
189
189
190
190
191
191
192
192
192
193
193
193
194
194
194
194
195
195
196
196
196
197
197
198
198
198
199
199
199
200
200
201
201
201
202
202
203
203
204
204
204
204
205
205
205
206
206
206
207
207
208
208
208
209
209
210
210
211
211
211
212
212
212
213
213
213
214
214
214
215
215
216
216
217
217
218
218
218
219
219
219
219
220
220
220
221
221
221
222
222
222
223
223
224
224
225
225
225
226
226
226
227
229
229
229
230
230
231
231
233
233
233
233
234
235
235
235
236
236
236
237
237
237
237
238
239
239
240
240
240
241
241
241
242
242
242
243
243
243
244
244
244
245
245
245
246
246
246
247
247
247
247
248
248
248
248
249
249
250
250
250
250
251
251
251
252
252
252
253
253
254
254
255
255
255
255
256
256
256
256
257
258
258
258
259
259
259
260
261
261
262
262
263
263
263
264
264
265
265
265
265
266
266
266
267
267
267
268
268
268
269
269
269
270
270
270
271
271
272
272
272
273
273
274
274
274
274
275
275
275
275
276
276
277
277
277
278
278
279
279
280
280
280
280
281
281
282
283
283
283
284
284
285
286
287
287
287
287
288
289
289
289
290
290
290
291
291
291
292
292
293
293
293
293
294
294
294
295
295
295
295
296
296
296
296
297
297
298
298
298
298
299
299
299
299
300
300
301
301
301
302
302
302
303
303
304
304
305
305
306
306
307
307
308
308
308
308
309
309
309
309
310
310
310
311
311
311
312
312
312
312
313
313
313
314
314
315
315
316
316
316
317
317
317
317
318
318
319
319
319
319
320
320
320
320
321
321
322
322
322
323
323
323
323
324
324
324
325
325
325
325
326
326
326
327
327
327
328
328
328
329
329
330
330
330
330
331
331
331
332
332
332
333
333
333
333
334
335
335
336
337
337
337
337
338
338
339
339
339
340
340
340
341
341
341
342
342
342
343
343
343
344
345
345
346
347
347
348
348
348
348
349
349
349
350
350
351
351
351
351
352
352
353
353
353
354
354
355
356
356
356
356
357
358
358
359
360
360
360
361
361
362
362
363
363
364
364
364
365
365
365
366
366
367
367
367
368
368
369
369
370
370
370
371
371
372
372
372
373
373
374
375
376
376
377
377
377
378
378
378
378
379
380
380
381
381
382
382
382
383
383
383
383
384
384
384
385
385
385
386
386
386
387
387
387
387
388
388
388
389
389
390
390
390
391
391
391
392
392
392
393
393
393
394
394
395
395
395
395
396
396
396
396
397
397
397
398
398
399
399
400
400
400
401
401
402
402
402
403
403
403
403
404
404
405
405
405
406
406
407
407
407
407
408
408
409
409
410
410
410
411
411
411
412
412
412
413
413
413
414
414
415
415
416
416
416
417
417
418
418
418
418
419
419
419
420
420
420
421
421
422
422
422
422
423
423
424
424
424
425
425
425
426
426
427
427
428
428
429
429
430
430
430
431
431
432
432
433
433
434
434
434
435
436
436
437
437
437
438
438
438
439
439
440
440
440
441
441
442
442
442
442
443
443
443
444
444
445
445
445
446
446
446
446
447
447
447
448
448
448
449
449
449
450
450
451
451
451
452
452
452
453
454
454
455
455
455
456
456
457
457
457
457
458
458
459
459
459
459
460
460
460
460
461
461
461
462
462
462
463
464
464
464
464
465
465
465
466
466
466
467
467
468
468
468
469
469
470
470
471
471
471
472
472
472
472
473
473
474
474
475
475
475
476
476
477
477
477
478
478
479
479
480
480
480
481
481
481
482
482
483
483
483
484
484
485
485
486
486
486
487
487
487
487
488
488
489
489
489
490
490
490
491
491
491
492
492
492
493
493
493
494
495
495
495
495
496
496
497
497
497
498
498
498
499
499
499
499
500
500
500
501
501
503
503
503
503
504
504
504
505
505
506
506
506
507
507
507
508
508
508
509
509
509
510
510
511
511
511
512
512
512
513
513
513
514
514
514
515
515
516
516
517
517
518
518
518
519
520
520
520
521
521
521
522
522
523
523
523
523
524
524
524
525
525
526
526
527
527
527
528
528
528
529
529
529
530
530
531
531
532
532
532
532
533
533
533
534
534
535
535
535
535
536
536
537
537
537
538
538
538
539
540
541
541
541
541
542
543
543
544
544
544
545
545
546
546
546
547
547
548
549
550
550
550
551
551
552
552
552
553
553
553
554
554
554
554
555
556
556
556
557
557
557
558
558
559
559
560
560
561
561
562
562
563
563
564
564
564
564
565
565
565
565
566
566
566
567
567
567
568
568
569
569
569
570
570
571
571
572
572
573
573
574
574
574
574
575
575
575
576
576
576
577
577
577
578
578
578
579
579
580
580
580
580
581
581
581
582
582
582
582
583
583
583
584
584
585
586
586
586
587
587
588
588
588
588
589
589
590
590
590
591
591
591
592
592
593
593
593
594
594
595
595
596
596
596
597
597
597
598
598
599
599
599
600
600
600
601
601
601
602
602
603
603
603
604
605
605
605
606
606
607
607
608
608
609
609
609
610
610
611
611
611
613
614
615
615
615
616
616
616
617
617
617
618
618
618
619
619
619
620
621
621
621
622
622
622
623
623
623
624
624
624
625
625
625
625
626
626
626
627
627
627
628
628
628
629
629
630
631
631
631
632
633
633
633
633
634
634
634
635
635
635
636
636
636
637
638
638
639
639
639
640
640
641
641
641
641
642
642
643
643
643
644
644
644
645
645
645
645
646
646
646
647
647
647
648
648
648
649
649
650
650
650
650
651
651
652
653
653
653
653
654
654
655
655
656
657
657
658
658
659
660
660
661
661
662
662
662
663
664
664
665
665
666
666
666
667
667
668
668
668
669
669
670
671
672
672
672
673
673
673
674
674
674
675
676
676
676
676
677
677
677
677
678
678
678
679
679
680
680
680
681
681
681
682
682
682
682
683
683
683
684
684
685
685
685
686
686
687
687
687
688
688
689
689
690
690
690
691
691
692
692
692
693
693
693
694
694
694
694
696
696
696
697
697
697
698
698
698
699
700
700
701
701
702
702
703
703
703
704
704
704
705
705
706
706
706
707
707
707
707
708
708
708
709
709
710
710
710
710
711
711
711
712
712
713
713
713
714
714
715
716
716
716
717
717
717
718
718
718
718
719
719
719
720
720
720
720
721
721
721
722
722
722
722
723
723
724
724
724
725
725
725
726
726
726
727
727
728
728
728
729
729
730
730
731
731
732
732
733
733
733
734
734
734
735
735
735
736
736
736
737
737
737
737
738
738
739
739
740
740
741
741
742
743
743
744
744
745
746
746
746
747
747
748
748
748
749
750
750
750
751
751
752
752
752
753
753
753
754
754
754
754
755
755
755
756
756
757
757
757
758
758
758
759
759
760
760
760
761
761
762
762
763
763
763
764
764
765
766
766
766
767
767
768
769
769
769
769
770
770
770
770
771
771
772
772
773
773
773
773
774
774
775
775
775
776
776
777
777
777
777
778
778
778
779
779
779
779
780
780
780
781
781
782
782
783
784
784
784
785
785
785
785
786
786
786
787
787
787
788
788
788
789
789
790
790
790
791
791
791
792
792
792
793
793
794
794
795
795
795
795
796
796
797
797
798
798
799
799
799
800
800
801
801
801
801
802
802
803
803
804
804
805
806
806
806
807
808
808
808
808
809
809
810
810
810
810
811
811
811
812
813
813
814
814
814
815
815
815
816
816
816
817
817
818
818
818
819
820
820
820
821
821
822
823
824
824
825
825
826
826
826
827
827
828
828
829
829
830
831
831
831
832
832
833
833
833
834
834
834
834
835
835
836
836
837
837
837
838
838
838
839
839
840
840
840
841
841
842
842
842
842
843
843
843
843
844
844
845
845
845
846
846
846
847
847
848
848
849
850
850
850
851
851
852
853
853
853
854
854
854
855
856
856
857
858
858
859
859
860
860
861
861
861
862
863
863
863
864
864
864
865
865
865
865
866
866
866
867
867
868
868
869
869
870
870
870
871
871
871
872
872
873
873
873
873
874
875
876
877
878
878
879
879
880
880
881
881
881
881
882
883
883
883
884
884
884
885
885
885
885
886
886
887
887
888
888
888
888
889
889
890
890
891
891
891
891
892
893
893
893
894
895
895
895
896
897
897
898
898
899
900
900
901
901
902
902
903
903
903
903
904
904
904
905
905
905
905
906
907
908
908
909
909
909
909
910
910
910
911
911
912
912
912
913
913
914
914
915
915
915
916
916
917
917
917
917
918
918
919
919
919
920
920
921
921
922
922
922
922
923
923
924
924
924
925
925
925
926
926
926
927
927
927
928
928
928
929
929
930
931
931
931
932
932
932
933
933
934
934
935
935
936
936
937
937
938
938
938
939
939
939
940
940
940
941
941
941
942
942
944
944
944
945
945
945
945
946
946
947
948
948
949
949
949
950
950
951
951
951
952
953
953
954
954
955
955
956
956
957
957
957
958
958
959
959
959
961
961
961
961
962
963
963
963
963
964
964
964
964
965
965
966
967
967
967
968
968
968
969
969
969
970
970
971
971
971
972
972
972
973
973
974
974
974
975
975
976
977
977
978
978
978
979
980
980
981
981
982
982
983
983
983
984
984
985
985
985
986
986
987
987
987
988
988
988
989
989
989
990
990
991
991
991
992
992
993
993
993
993
994
994
994
995
995
995
995
996
996
997
997
997
997
998
998
999
999
999
999
1000
1000
1000
1000
1001
1001
1002
1002
1002
1003
1003
1003
1004
1005
1006
1006
1007
1007
1008
1008
1008
1009
1009
1010
1010
1010
1010
1011
1011
1012
1012
1013
1013
1013
1014
1014
1015
1016
1016
1017
1017
1018
1018
1018
1018
1019
1019
1020
1020
1020
1021
1021
1022
1022
1022
1023
1023
1024
1024
1025
1025
1026
1026
1026
1026
1027
1027
1027
1028
1028
1029
1029
1030
1030
1031
1032
1032
1032
1033
1034
1034
1035
1035
1035
1036
1036
1036
1037
1037
1037
1038
1038
1038
1038
1039
1039
1039
1040
1040
1041
1042
1043
1044
1044
1044
1045
1045
1046
1046
1047
1048
1048
1048
1049
1050
1051
1051
1052
1052
1053
1054
1054
1054
1055
1055
1056
1056
1056
1057
1057
1058
1059
1059
1059
1060
1060
1061
1062
1062
1062
1063
1064
1065
1065
1066
1066
1066
1067
1070
1070
1070
1070
1071
1071
1072
1073
1073
1074
1074
1074
1075
1075
1075
1075
1076
1076
1077
1077
1077
1078
1078
1079
1079
1079
1080
1080
1080
1081
1082
1082
1082
1082
1083
1083
1083
1084
1084
1084
1085
1085
1086
1086
1087
1088
1088
1088
1089
1089
1089
1090
1090
1090
1091
1091
1091
1092
1092
1093
1093
1094
1094
1095
1095
1095
1096
1096
1098
1098
1098
1099
1099
1100
1100
1101
1102
1102
1102
1103
1103
1104
1104
1105
1105
1105
1106
1106
1106
1107
1108
1108
1108
1109
1109
1110
1110
1111
1111
1111
1111
1112
1112
1112
1113
1113
1114
1114
1114
1115
1115
1116
1116
1117
1117
1117
1118
1118
1118
1119
1120
1120
1121
1122
1122
1122
1123
1123
1123
1124
1124
1125
1125
1125
1125
1126
1126
1127
1127
1127
1128
1128
1129
1129
1130
1130
1130
1131
1131
1131
1132
1132
1133
1133
1133
1134
1134
1135
1135
1136
1136
1136
1136
1137
1137
1137
1138
1138
1139
1140
1140
1140
1141
1141
1142
1142
1143
1143
1143
1144
1144
1144
1144
1145
1145
1146
1146
1146
1147
1147
1147
1148
1148
1149
1149
1149
1150
1150
1150
1151
1152
1153
1154
1154
1154
1155
1155
1156
1156
1156
1156
1157
1157
1157
1157
1158
1158
1158
1159
1159
1160
1160
1161
1162
1162
1163
1163
1163
1164
1165
1165
1166
1166
1166
1166
1167
1167
1168
1169
1169
1170
1170
1170
1171
1171
1172
1172
1172
1173
1174
1175
1175
1176
1176
1177
1177
1177
1178
1178
1179
1179
1180
1180
1180
1180
1181
1181
1182
1182
1183
1183
1184
1184
1184
1185
1186
1186
1187
1187
1188
1188
1189
1190
1190
1191
1191
1192
1192
1193
1193
1193
1193
1194
1194
1194
1195
1195
1196
1196
1196
1197
1197
1198
1198
1199
1199
1200
1201
1201
1202
1203
1203
1204
1204
1204
1205
1205
1206
1207
1207
1207
1208
1208
1208
1209
1210
1210
1212
1213
1213
1214
1214
1214
1215
1216
1216
1216
1216
1217
1217
1217
1218
1218
1218
1219
1219
1220
1220
1221
1221
1221
1222
1222
1222
1222
1223
1223
1224
1224
1225
1225
1226
1227
1227
1228
1229
1229
1230
1230
1230
1231
1231
1231
1231
1232
1233
1233
1233
1234
1235
1236
1236
1237
1238
1238
1239
1239
1240
1240
1241
1241
1242
1242
1242
1243
1243
1244
1245
1245
1246
1246
1247
1247
1248
1248
1249
1249
1250
1250
1250
1251
1251
1251
1252
1253
1253
1253
1254
1254
1254
1255
1255
1255
1255
1256
1256
1257
1257
1258
1259
1260
1260
1260
1261
1261
1261
1262
1263
1263
1263
1263
1264
1264
1264
1265
1266
1266
1266
1267
1268
1268
1269
1269
1269
1270
1270
1270
1271
1272
1272
1272
1273
1273
1273
1274
1274
1275
1276
1277
1277
1278
1278
1278
1279
1280
1280
1280
1281
1281
1282
1282
1283
1283
1284
1285
1285
1285
1286
1286
1287
1287
1288
1288
1288
1288
1289
1289
1290
1290
1291
1291
1292
1292
1293
1293
1294
1295
1295
1296
1296
1296
1297
1297
1297
1298
1298
1299
1299
1299
1300
1300
1301
1301
1301
1302
1302
1303
1303
1303
1304
1305
1306
1306
1306
1307
1308
1308
1308
1309
1309
1310
1311
1311
1312
1312
1314
1314
1314
1315
1315
1316
1316
1316
1317
1318
1318
1320
1320
1321
1321
1321
1322
1323
1323
1324
1324
1325
1325
1326
1326
1326
1327
1327
1327
1327
1328
1329
1330
1330
1331
1332
1333
1333
1334
1334
1335
1335
1336
1336
1336
1337
1337
1337
1337
1338
1338
1338
1338
1339
1340
1341
1341
1341
1341
1342
1343
1343
1343
1344
1344
1345
1345
1346
1346
1346
1347
1348
1348
1348
1349
1349
1349
1350
1351
1351
1351
1352
1352
1352
1353
1353
1353
1354
1355
1355
1356
1356
1356
1357
1357
1357
1358
1359
1359
1359
1360
1360
1361
1361
1361
1362
1363
1363
1363
1364
1365
1365
1365
1366
1366
1367
1368
1368
1368
1369
1370
1370
1371
1372
1372
1373
1373
1374
1374
1375
1375
1376
1376
1377
1377
1377
1378
1378
1378
1379
1380
1381
1381
1382
1382
1383
1384
1385
1385
1386
1386
1387
1387
1387
1388
1388
1389
1389
1390
1390
1391
1391
1391
1391
1392
1392
1392
1392
1393
1393
1394
1394
1395
1396
1396
1397
1397
1397
1398
1398
1398
1398
1399
1399
1400
1400
1400
1401
1401
1401
1401
1402
1403
1403
1405
1406
1407
1407
1408
1408
1408
1409
1409
1410
1411
1412
1412
1413
1413
1414
1414
1415
1415
1416
1416
1417
1418
1418
1419
1419
1421
1422
1422
1423
1423
1423
1425
1425
1426
1426
1427
1427
1428
1428
1428
1428
1429
1429
1429
1430
1430
1430
1430
1431
1431
1431
1432
1432
1432
1433
1433
1433
1434
1434
1434
1435
1436
1436
1437
1437
1438
1440
1441
1441
1442
1442
1442
1443
1443
1444
1444
1444
1445
1446
1447
1448
1449
1450
1450
1451
1452
1453
1454
1455
1455
1455
1456
1457
1458
1459
1460
1460
1461
1462
1462
1463
1463
1463
1464
1465
1465
1465
1466
1467
1468
1468
1468
1471
1471
1471
1472
1472
1473
1473
1473
1474
1474
1474
1475
1476
1477
1477
1477
1478
1478
1479
1479
1479
1479
1480
1480
1480
1481
1481
1481
1482
1482
1482
1482
1483
1483
1483
1484
1484
1484
1485
1485
1486
1486
1487
1487
1487
1488
1488
1488
1489
1489
1490
1490
1490
1490
1491
1492
1492
1492
1494
1494
1495
1496
1496
1496
1497
1498
1498
1499
1499
1501
1501
1502
1502
1503
1504
1504
1505
1505
1506
1506
1506
1508
1508
1509
1509
1509
1509
1510
1510
1510
1510
1511
1511
1511
1512
1512
1513
1513
1514
1515
1515
1516
1517
1517
1518
1518
1518
1518
1519
1519
1521
1522
1522
1522
1523
1523
1523
1524
1524
1524
1524
1525
1525
1526
1526
1527
1527
1527
1528
1528
1528
1529
1529
1529
1529
1530
1530
1531
1531
1532
1532
1532
1533
1535
1536
1537
1538
1538
1539
1539
1539
1539
1540
1540
1542
1543
1544
1544
1545
1545
1545
1545
1546
1546
1546
1547
1547
1548
1549
1549
1550
1551
1551
1551
1552
1552
1553
1553
1554
1554
1555
1555
1555
1556
1556
1557
1557
1558
1558
1559
1559
1560
1560
1560
1561
1562
1562
1563
1564
1564
1565
1565
1566
1566
1567
1568
1569
1570
1570
1571
1571
1572
1572
1572
1573
1574
1574
1575
1575
1575
1575
1576
1577
1578
1579
1579
1580
1581
1582
1582
1582
1583
1583
1584
1585
1585
1586
1586
1587
1587
1588
1588
1588
1589
1589
1590
1590
1590
1591
1591
1591
1591
1592
1592
1593
1594
1594
1594
1595
1596
1596
1597
1597
1597
1599
1599
1600
1600
1601
1601
1602
1604
1604
1604
1605
1606
1607
1607
1607
1608
1608
1609
1609
1609
1610
1610
1610
1611
1612
1615
1615
1616
1616
1617
1618
1619
1619
1620
1621
1622
1622
1623
1623
1624
1624
1625
1625
1626
1626
1626
1627
1629
1630
1631
1631
1631
1632
1633
1633
1634
1635
1636
1636
1637
1637
1638
1639
1640
1640
1640
1641
1641
1641
1642
1642
1643
1645
1646
1646
1646
1646
1647
1648
1649
1649
1649
1650
1650
1651
1652
1653
1654
1655
1656
1658
1659
1659
1659
1660
1660
1660
1661
1661
1661
1662
1663
1663
1664
1665
1666
1667
1667
1667
1668
1669
1669
1669
1670
1671
1671
1671
1672
1672
1672
1673
1674
1675
1675
1676
1676
1677
1677
1677
1677
1678
1678
1679
1680
1680
1681
1682
1682
1682
1682
1683
1683
1684
1684
1684
1685
1686
1687
1688
1688
1689
1689
1690
1690
1690
1691
1691
1692
1692
1693
1694
1694
1695
1696
1696
1697
1697
1698
1698
1699
1700
1700
1701
1703
1703
1704
1704
1705
1705
1705
1706
1706
1707
1708
1709
1709
1710
1710
1710
1710
1711
1711
1711
1712
1713
1713
1714
1715
1716
1716
1717
1717
1718
1719
1719
1719
1720
1721
1722
1724
1724
1725
1725
1726
1727
1729
1730
1731
1732
1733
1733
1733
1733
1734
1734
1735
1735
1735
1736
1736
1736
1736
1737
1737
1737
1738
1738
1739
1739
1740
1740
1741
1741
1741
1742
1742
1743
1743
1744
1745
1745
1746
1746
1747
1748
1749
1749
1750
1750
1750
1751
1751
1753
1753
1753
1754
1754
1755
1756
1757
1757
1757
1758
1758
1759
1759
1759
1760
1760
1761
1761
1762
1762
1762
1763
1763
1764
1764
1764
1765
1765
1766
1766
1767
1767
1768
1768
1768
1769
1770
1771
1772
1773
1773
1773
1774
1774
1774
1774
1775
1775
1776
1777
1777
1779
1779
1780
1780
1781
1783
1783
1784
1784
1785
1785
1786
1787
1787
1788
1789
1790
1790
1791
1791
1792
1793
1793
1794
1795
1795
1796
1796
1797
1797
1797
1797
1798
1798
1799
1799
1800
1800
1801
1801
1801
1802
1803
1803
1804
1805
1805
1805
1807
1808
1808
1809
1809
1811
1811
1812
1813
1814
1814
1815
1815
1815
1815
1816
1817
1818
1819
1819
1820
1821
1822
1822
1823
1823
1823
1824
1826
1826
1826
1827
1827
1828
1828
1829
1829
1830
1830
1831
1831
1832
1832
1832
1834
1835
1836
1836
1836
1837
1838
1838
1838
1839
1840
1840
1842
1842
1843
1844
1844
1845
1845
1846
1846
1847
1848
1848
1849
1850
1852
1853
1853
1854
1854
1854
1855
1856
1856
1857
1857
1857
1858
1858
1858
1859
1859
1860
1861
1861
1862
1863
1863
1865
1866
1867
1869
1870
1871
1872
1872
1873
1874
1874
1875
1875
1877
1877
1879
1879
1879
1880
1880
1881
1881
1882
1882
1882
1882
1883
1883
1883
1884
1885
1886
1886
1886
1887
1889
1889
1890
1891
1892
1892
1893
1893
1894
1894
1895
1895
1896
1897
1897
1898
1898
1899
1900
1900
1901
1901
1902
1902
1902
1903
1906
1907
1907
1907
1908
1908
1909
1910
1911
1912
1912
1913
1914
1915
1915
1916
1917
1918
1918
1918
1918
1919
1919
1919
1920
1920
1922
1922
1923
1924
1925
1925
1925
1926
1926
1927
1928
1929
1929
1929
1930
1930
1930
1931
1931
1931
1932
1934
1935
1935
1935
1937
1937
1938
1940
1941
1942
1942
1943
1944
1945
1945
1945
1947
1947
1949
1950
1950
1951
1952
1953
1953
1954
1954
1955
1956
1956
1957
1957
1958
1959
1959
1960
1961
1961
1962
1963
1964
1964
1966
1966
1966
1966
1967
1967
1967
1968
1968
1968
1969
1969
1970
1970
1971
1972
1972
1972
1973
1973
1974
1974
1975
1975
1976
1976
1977
1978
1979
1980
1980
1981
1981
1982
1982
1983
1984
1984
1985
1986
1986
1986
1987
1987
1988
1988
1989
1989
1990
1990
1990
1991
1991
1991
1992
1993
1993
1994
1994
1995
1995
1996
1997
1998
1998
1999
2000
2000
2001
2001
2002
2002
2003
2003
2004
2004
2005
2005
2006
2006
2007
2007
2008
2008
2010
2010
2011
2012
2012
2013
2013
2014
2014
2014
2015
2015
2017
2017
2018
2018
2018
2019
2020
2020
2021
2022
2022
2023
2023
2024
2025
2026
2027
2028
2030
2031
2032
2033
2034
2035
2035
2035
2036
2036
2036
2037
2037
2038
2038
2039
2039
2040
2041
2041
2042
2043
2043
2043
2044
2045
2046
2046
2047
2047
2048
2048
2048
2049
2049
2050
2050
2050
2052
2053
2053
2053
2053
2054
2055
2055
2056
2056
2057
2058
2058
2059
2059
2059
2060
2061
2062
2062
2063
2064
2065
2066
2067
2068
2068
2069
2070
2070
2070
2070
2071
2071
2071
2073
2074
2074
2075
2075
2076
2076
2077
2077
2077
2078
2079
2080
2080
2081
2081
2082
2082
2083
2084
2085
2085
2086
2087
2088
2088
2088
2088
2089
2090
2091
2093
2093
2094
2094
2095
2095
2096
2096
2097
2097
2097
2098
2099
2099
2100
2100
2101
2101
2102
2103
2104
2105
2105
2106
2107
2107
2108
2109
2110
2110
2111
2113
2113
2114
2115
2116
2117
2117
2118
2119
2119
2120
2120
2121
2122
2123
2125
2125
2126
2127
2127
2127
2128
2128
2129
2130
2131
2132
2133
2134
2135
2135
2136
2136
2136
2137
2137
2137
2138
2139
2140
2141
2141
2141
2142
2143
2143
2144
2144
2145
2146
2146
2147
2148
2148
2149
2150
2150
2151
2151
2152
2152
2152
2152
2153
2153
2154
2154
2155
2156
2157
2158
2159
2160
2160
2161
2162
2162
2162
2163
2163
2164
2165
2166
2167
2167
2168
2169
2169
2170
2170
2171
2171
2172
2172
2172
2172
2173
2173
2173
2174
2174
2174
2175
2176
2177
2178
2178
2179
2179
2180
2180
2181
2181
2182
2182
2183
2183
2184
2185
2185
2186
2188
2189
2189
2189
2189
2190
2191
2192
2192
2192
2193
2194
2194
2194
2195
2195
2197
2197
2197
2198
2199
2200
2200
2201
2201
2202
2203
2203
2204
2204
2205
2205
2206
2206
2206
2207
2208
2209
2210
2211
2212
2212
2213
2214
2215
2215
2216
2217
2217
2218
2219
2219
2220
2221
2222
2222
2223
2223
2225
2225
2225
2226
2227
2227
2228
2228
2229
2230
2231
2232
2232
2232
2233
2234
2234
2235
2235
2236
2236
2237
2237
2238
2239
2239
2240
2240
2240
2241
2241
2242
2242
2243
2244
2245
2245
2245
2247
2247
2248
2250
2251
2252
2253
2254
2254
2255
2256
2256
2256
2257
2257
2258
2259
2260
2260
2261
2262
2263
2264
2265
2266
2268
2269
2269
2270
2271
2273
2273
2274
2274
2275
2275
2276
2277
2277
2278
2278
2279
2279
2280
2280
2280
2280
2281
2281
2282
2282
2283
2284
2284
2285
2286
2286
2287
2288
2288
2288
2289
2289
2292
2294
2295
2296
2296
2296
2297
2297
2297
2297
2298
2299
2300
2301
2302
2303
2303
2304
2305
2305
2306
2306
2306
2307
2307
2307
2308
2308
2309
2309
2310
2311
2311
2312
2312
2313
2313
2313
2315
2316
2316
2317
2317
2318
2318
2319
2320
2321
2322
2323
2324
2325
2326
2326
2327
2329
2329
2329
2330
2331
2331
2331
2331
2332
2333
2334
2334
2334
2335
2335
2336
2336
2337
2337
2337
2338
2338
2339
2339
2339
2340
2340
2342
2343
2343
2343
2344
2344
2346
2347
2347
2347
2348
2348
2348
2349
2350
2350
2350
2351
2352
2353
2353
2354
2355
2355
2356
2357
2357
2357
2358
2359
2359
2360
2360
2361
2362
2362
2363
2364
2366
2366
2367
2368
2368
2370
2370
2371
2372
2374
2375
2375
2376
2377
2378
2379
2379
2380
2381
2381
2382
2382
2383
2383
2384
2385
2385
2386
2386
2387
2388
2389
2389
2390
2390
2391
2392
2392
2393
2394
2394
2395
2396
2397
2397
2398
2399
2400
2400
2401
2401
2402
2402
2402
2403
2403
2404
2404
2405
2405
2406
2406
2407
2407
2408
2408
2408
2409
2410
2410
2411
2411
2412
2412
2412
2413
2413
2414
2414
2415
2415
2416
2416
2417
2417
2417
2418
2418
2419
2419
2419
2420
2420
2421
2421
2421
2422
2423
2426
2427
2427
2428
2429
2431
2431
2432
2432
2432
2433
2433
2433
2434
2434
2435
2436
2436
2437
2438
2439
2439
2439
2440
2440
2441
2442
2442
2443
2443
2444
2445
2446
2446
2447
2447
2448
2448
2449
2450
2450
2451
2451
2451
2452
2452
2453
2455
2455
2456
2456
2457
2457
2458
2458
2459
2459
2460
2461
2462
2463
2463
2463
2465
2465
2466
2467
2468
2468
2469
2469
2470
2470
2471
2472
2473
2473
2473
2474
2474
2475
2476
2476
2476
2477
2478
2478
2479
2480
2480
2481
2482
2482
2483
2483
2485
2486
2486
2487
2487
2487
2488
2490
2490
2490
2491
2491
2491
2492
2492
2492
2493
2494
2494
2495
2495
2495
2496
2497
2498
2499
2500
2500
2501
2502
2502
2503
2503
2503
2504
2504
2504
2505
2505
2506
2507
2508
2508
2509
2510
2510
2511
2512
2512
2513
2513
2514
2514
2515
2516
2517
2518
2519
2520
2520
2521
2521
2522
2522
2523
2524
2524
2525
2525
2526
2526
2527
2527
2527
2527
2528
2528
2529
2532
2533
2534
2534
2535
2535
2536
2536
2537
2537
2537
2537
2538
2538
2539
2540
2541
2542
2543
2543
2544
2545
2546
2547
2548
2549
2549
2550
2550
2551
2552
2553
2554
2554
2555
2556
2557
2558
2558
2559
2561
2562
2563
2563
2564
2564
2565
2565
2566
2568
2569
2569
2570
2570
2571
2571
2571
2572
2572
2572
2572
2575
2575
2576
2577
2577
2577
2578
2578
2578
2579
2579
2580
2580
2582
2582
2582
2582
2583
2584
2584
2585
2586
2588
2588
2589
2590
2591
2591
2591
2592
2593
2593
2594
2594
2595
2596
2596
2596
2597
2597
2598
2599
2601
2601
2601
2602
2602
2603
2603
2603
2604
2604
2604
2604
2605
2605
2606
2606
2606
2607
2607
2607
2608
2608
2609
2610
2610
2610
2610
2611
2611
2612
2612
2613
2614
2614
2615
2615
2616
2616
2616
2617
2618
2619
2620
2622
2622
2623
2624
2624
2625
2626
2627
2628
2628
2629
2629
2630
2630
2631
2632
2632
2633
2634
2634
2635
2636
2637
2638
2639
2640
2640
2641
2642
2642
2642
2644
2644
2645
2645
2645
2645
2646
2646
2646
2647
2647
2648
2649
2650
2650
2650
2651
2652
2652
2653
2654
2655
2656
2657
2657
2658
2658
2659
2660
2660
2661
2661
2662
2662
2662
2663
2663
2664
2664
2665
2665
2666
2667
2667
2667
2668
2668
2668
2668
2669
2669
2670
2671
2672
2672
2673
2675
2676
2676
2677
2677
2678
2678
2679
2679
2679
2680
2681
2682
2682
2683
2684
2684
2686
2686
2686
2687
2688
2689
2689
2690
2690
2692
2693
2694
2695
2695
2695
2696
2697
2697
2698
2698
2699
2700
2700
2700
2701
2702
2703
2703
2704
2705
2706
2707
2707
2707
2708
2711
2712
2712
2713
2715
2716
2716
2717
2717
2719
2720
2721
2721
2722
2722
2724
2724
2725
2726
2726
2726
2726
2727
2728
2729
2729
2729
2730
2731
2731
2731
2731
2732
2732
2733
2734
2735
2736
2736
2737
2737
2738
2738
2739
2740
2741
2742
2742
2742
2742
2743
2743
2744
2744
2745
2746
2746
2747
2747
2748
2748
2749
2750
2751
2751
2753
2753
2754
2754
2754
2754
2755
2755
2756
2756
2757
2757
2758
2759
2759
2760
2760
2761
2762
2762
2763
2764
2764
2765
2766
2766
2767
2767
2767
2768
2768
2769
2769
2770
2770
2771
2771
2772
2772
2773
2773
2774
2775
2776
2776
2776
2777
2777
2778
2779
2779
2780
2780
2781
2782
2782
2784
2784
2784
2785
2785
2786
2786
2786
2787
2787
2788
2789
2789
2790
2790
2791
2791
2791
2792
2792
2793
2794
2795
2795
2795
2796
2797
2797
2798
2798
2800
2800
2801
2801
2802
2803
2803
2804
2804
2804
2805
2805
2806
2807
2809
2810
2810
2811
2812
2812
2813
2815
2815
2816
2816
2817
2818
2819
2820
2820
2821
2821
2823
2823
2824
2825
2825
2826
2827
2827
2827
2828
2828
2830
2830
2832
2832
2833
2834
2835
2835
2836
2837
2838
2838
2839
2839
2840
2840
2840
2842
2843
2843
2844
2844
2845
2845
2846
2846
2847
2848
2848
2848
2849
2850
2850
2851
2851
2852
2852
2853
2855
2855
2856
2856
2857
2858
2858
2858
2859
2860
2860
2861
2861
2862
2862
2863
2863
2864
2864
2865
2865
2866
2866
2866
2867
2867
2868
2868
2869
2869
2869
2870
2870
2871
2871
2872
2873
2874
2874
2874
2875
2875
2875
2876
2876
2877
2877
2878
2879
2880
2881
2881
2882
2882
2883
2884
2884
2885
2885
2885
2886
2888
2889
2889
2891
2891
2892
2892
2894
2895
2897
2897
2898
2899
2899
2901
2902
2902
2904
2904
2905
2906
2907
2907
2907
2907
2908
2908
2909
2909
2912
2913
2914
2914
2915
2917
2917
2920
2920
2921
2921
2921
2922
2923
2924
2925
2925
2926
2927
2927
2927
2928
2928
2929
2930
2930
2931
2932
2932
2935
2935
2936
2936
2937
2938
2938
2939
2940
2940
2941
2941
2943
2943
2944
2944
2945
2945
2945
2946
2946
2947
2948
2948
2948
2949
2950
2950
2951
2953
2954
2955
2956
2956
2958
2959
2960
2961
2961
2961
2962
2962
2962
2964
2964
2964
2965
2965
2968
2968
2969
2969
2970
2970
2971
2971
2971
2972
2973
2974
2975
2975
2977
2978
2978
2979
2979
2980
2981
2981
2981
2982
2982
2984
2985
2985
2986
2987
2987
2988
2989
2990
2990
2990
2991
2992
2994
2995
2995
2996
2997
2998
2999
3000
3001
3001
3001
3002
3002
3002
3003
3004
3005
3005
3006
3007
3007
3008
3008
3009
3010
3010
3010
3011
3011
3012
3013
3013
3015
3015
3017
3017
3018
3018
3019
3019
3020
3021
3022
3023
3024
3025
3025
3025
3026
3026
3028
3029
3029
3030
3030
3031
3032
3033
3034
3034
3035
3035
3036
3037
3038
3038
3038
3039
3039
3039
3040
3040
3041
3042
3042
3042
3043
3043
3043
3044
3045
3046
3046
3047
3048
3048
3050
3050
3051
3051
3052
3053
3053
3054
3054
3055
3056
3056
3057
3058
3058
3059
3059
3059
3061
3062
3062
3064
3064
3065
3065
3066
3066
3066
3067
3068
3068
3068
3069
3069
3070
3070
3070
3071
3071
3072
3072
3072
3073
3074
3075
3075
3076
3076
3077
3078
3078
3079
3079
3079
3080
3080
3080
3080
3081
3081
3081
3082
3083
3084
3084
3085
3086
3086
3087
3087
3087
3088
3089
3089
3091
3091
3093
3094
3094
3094
3095
3096
3096
3096
3097
3097
3098
3099
3099
3100
3100
3101
3102
3102
3103
3105
3105
3106
3107
3108
3110
3110
3111
3111
3112
3115
3116
3116
3117
3118
3119
3119
3120
3121
3121
3122
3122
3123
3123
3124
3125
3125
3126
3126
3127
3128
3129
3129
3130
3130
3131
3132
3132
3133
3133
3134
3134
3136
3137
3138
3139
3139
3140
3141
3141
3142
3142
3144
3144
3145
3146
3146
3146
3147
3147
3148
3148
3149
3150
3150
3151
3152
3153
3153
3153
3153
3154
3154
3154
3154
3155
3157
3157
3157
3158
3158
3159
3160
3161
3161
3163
3164
3164
3165
3165
3167
3167
3167
3168
3169
3169
3170
3170
3171
3172
3172
3172
3173
3173
3174
3174
3174
3176
3177
3177
3178
3179
3180
3182
3183
3183
3184
3184
3185
3186
3186
3187
3188
3188
3188
3189
3189
3190
3191
3191
3191
3192
3193
3193
3193
3194
3194
3194
3195
3196
3196
3198
3198
3199
3199
3200
3200
3200
3200
3201
3203
3204
3205
3205
3205
3207
3207
3208
3209
3211
3211
3211
3212
3212
3212
3213
3213
3214
3214
3214
3216
3216
3217
3217
3218
3218
3220
3221
3221
3221
3222
3223
3223
3224
3224
3224
3224
3225
3226
3226
3227
3227
3228
3228
3230
3230
3231
3232
3233
3233
3233
3236
3236
3236
3237
3237
3238
3239
3240
3240
3241
3241
3241
3241
3242
3243
3243
3244
3245
3246
3248
3250
3250
3252
3252
3252
3253
3254
3255
3256
3256
3256
3257
3257
3258
3259
3259
3261
3262
3262
3263
3263
3264
3265
3267
3268
3269
3270
3270
3270
3270
3272
3272
3272
3273
3273
3273
3274
3275
3276
3277
3277
3277
3278
3278
3279
3279
3279
3279
3280
3281
3282
3283
3283
3284
3284
3284
3285
3285
3286
3286
3286
3287
3287
3287
3288
3288
3289
3290
3290
3292
3292
3294
3294
3295
3295
3296
3296
3296
3297
3299
3300
3301
3302
3302
3303
3303
3304
3304
3305
3306
3306
3307
3307
3308
3308
3309
3309
3310
3310
3310
3311
3312
3312
3313
3315
3316
3316
3317
3318
3318
3318
3321
3321
3322
3324
3325
3325
3325
3328
3329
3329
3330
3331
3332
3333
3333
3333
3334
3334
3335
3336
3337
3337
3338
3338
3338
3339
3339
3340
3341
3341
3342
3342
3343
3344
3345
3345
3346
3346
3347
3348
3349
3350
3350
3351
3351
3352
3353
3353
3353
3355
3356
3356
3356
3357
3357
3359
3360
3360
3361
3361
3361
3362
3362
3362
3363
3363
3364
3365
3366
3366
3367
3367
3368
3369
3369
3371
3372
3373
3373
3374
3374
3375
3375
3376
3376
3379
3380
3381
3382
3383
3383
3383
3384
3385
3385
3385
3386
3387
3387
3388
3388
3390
3392
3392
3393
3393
3394
3394
3395
3395
3396
3396
3396
3397
3398
3400
3401
3401
3401
3403
3403
3404
3405
3406
3406
3407
3407
3408
3408
3410
3410
3411
3411
3412
3413
3413
3413
3414
3415
3416
3418
3419
3420
3420
3421
3422
3422
3423
3423
3424
3425
3426
3426
3427
3427
3428
3428
3428
3429
3430
3430
3431
3432
3432
3433
3434
3434
3436
3436
3437
3438
3438
3439
3440
3441
3441
3441
3442
3442
3443
3444
3444
3444
3445
3445
3446
3446
3447
3448
3449
3449
3450
3451
3452
3454
3454
3455
3455
3456
3460
3460
3461
3463
3464
3464
3464
3465
3465
3466
3467
3467
3468
3469
3470
3471
3472
3472
3473
3474
3476
3476
3476
3479
3479
3480
3481
3481
3482
3483
3485
3485
3486
3487
3487
3488
3489
3489
3490
3491
3495
3495
3496
3496
3497
3497
3497
3500
3502
3502
3502
3503
3503
3504
3505
3505
3506
3506
3507
3507
3511
3512
3514
3515
3518
3518
3519
3521
3522
3523
3523
3524
3526
3526
3527
3528
3531
3532
3533
3534
3534
3535
3536
3540
3541
3541
3542
3544
3545
3545
3546
3547
3547
3548
3549
3551
3553
3553
3554
3554
3555
3555
3557
3558
3561
3562
3562
3563
3567
3568
3569
3569
3570
3571
3571
3574
3575
3578
3578
3579
3581
3582
3583
3583
3584
3585
3585
3587
3588
3588
3589
3590
3593
3595
3596
3597
3597
3597
3599
3601
3602
3602
3603
3603
3604
3605
3605
3606
3607
3607
3608
3609
3609
3610
3610
3610
3611
3611
3612
3612
3613
3614
3614
3615
3615
3616
3619
3619
3620
3621
3621
3621
3622
3623
3624
3625
3625
3626
3627
3628
3630
3631
3631
3632
3633
3634
3634
3636
3636
3636
3636
3637
3638
3640
3640
3641
3642
3644
3647
3648
3648
3650
3650
3650
3651
3651
3651
3652
3653
3653
3653
3655
3655
3655
3656
3657
3658
3658
3661
3661
3665
3665
3666
3666
3668
3668
3669
3669
3670
3671
3672
3673
3674
3675
3676
3677
3678
3679
3680
3681
3681
3681
3682
3682
3682
3682
3683
3683
3684
3684
3685
3686
3686
3687
3688
3688
3689
3689
3690
3692
3692
3693
3693
3695
3696
3696
3697
3698
3699
3700
3702
3702
3703
3704
3704
3705
3706
3706
3706
3707
3707
3708
3709
3709
3711
3711
3711
3712
3712
3712
3713
3714
3715
3715
3716
3716
3716
3717
3718
3720
3720
3721
3722
3723
3724
3724
3725
3726
3727
3727
3729
3730
3730
3732
3734
3735
3735
3735
3736
3736
3737
3737
3738
3739
3740
3741
3742
3744
3744
3745
3748
3750
3751
3751
3751
3752
3753
3755
3755
3756
3757
3762
3762
3763
3764
3765
3766
3768
3770
3771
3771
3772
3772
3773
3773
3773
3774
3774
3775
3775
3776
3776
3777
3778
3778
3780
3781
3782
3783
3784
3785
3786
3789
3790
3791
3793
3795
3797
3797
3798
3799
3799
3801
3802
3803
3803
3807
3807
3810
3811
3812
3812
3813
3813
3815
3815
3815
3817
3817
3818
3821
3821
3821
3823
3824
3824
3825
3825
3825
3826
3827
3829
3834
3834
3836
3837
3838
3840
3840
3840
3841
3841
3842
3842
3845
3845
3847
3848
3848
3848
3848
3849
3850
3850
3851
3851
3851
3852
3853
3854
3855
3857
3857
3858
3860
3860
3860
3861
3861
3862
3863
3863
3863
3864
3864
3867
3868
3868
3869
3870
3874
3877
3880
3880
3882
3883
3885
3887
3887
3888
3890
3890
3891
3892
3893
3893
3894
3896
3896
3897
3897
3898
3899
3901
3901
3902
3902
3903
3903
3905
3906
3906
3907
3909
3910
3910
3911
3911
3913
3914
3916
3916
3917
3920
3921
3921
3922
3922
3923
3924
3924
3925
3927
3927
3929
3929
3930
3931
3932
3933
3934
3934
3935
3935
3935
3936
3938
3939
3939
3940
3941
3943
3943
3944
3945
3947
3947
3948
3949
3952
3953
3953
3956
3957
3960
3961
3962
3963
3966
3967
3969
3969
3969
3971
3972
3973
3974
3974
3977
3979
3979
3980
3982
3983
3984
3984
3985
3985
3986
3986
3987
3987
3989
3989
3989
3990
3991
3991
3992
3992
3992
3993
3994
3994
3996
3997
3998
3999
3999
4000
4001
4001
4002
4003
4003
4003
4004
4005
4005
4006
4006
4008
4008
4008
4010
4011
4013
4013
4014
4016
4016
4018
4019
4019
4020
4020
4022
4022
4023
4024
4026
4026
4027
4027
4028
4028
4028
4029
4030
4031
4031
4033
4034
4036
4036
4037
4037
4038
4039
4040
4040
4040
4041
4043
4045
4047
4047
4048
4048
4049
4050
4050
4051
4053
4054
4055
4055
4056
4056
4057
4058
4059
4061
4061
4064
4064
4064
4065
4066
4067
4067
4069
4069
4070
4071
4071
4074
4075
4075
4076
4076
4078
4079
4080
4080
4081
4082
4083
4084
4084
4085
4085
4086
4086
4089
4090
4091
4092
4093
4094
4094
4095
4095
4096
4097
4098
4100
4100
4101
4101
4101
4101
4102
4103
4104
4104
4104
4105
4105
4106
4107
4109
4110
4110
4111
4111
4112
4112
4112
4113
4113
4114
4115
4115
4116
4117
4117
4118
4121
4122
4124
4124
4124
4126
4127
4127
4128
4129
4129
4130
4132
4133
4133
4135
4135
4136
4136
4137
4138
4140
4140
4141
4143
4144
4145
4145
4146
4146
4147
4147
4147
4148
4148
4149
4151
4152
4152
4153
4156
4156
4157
4158
4160
4161
4161
4163
4163
4164
4166
4167
4168
4168
4169
4170
4171
4171
4172
4172
4173
4173
4174
4176
4179
4180
4182
4182
4184
4184
4187
4187
4188
4191
4192
4193
4193
4194
4194
4196
4197
4198
4198
4199
4200
4201
4202
4203
4204
4204
4205
4207
4208
4209
4211
4212
4212
4213
4217
4219
4219
4221
4221
4222
4223
4224
4225
4226
4226
4227
4228
4229
4229
4230
4231
4232
4235
4236
4236
4237
4239
4240
4241
4242
4242
4243
4243
4245
4245
4245
4246
4246
4247
4248
4250
4251
4252
4253
4253
4254
4255
4257
4258
4258
4260
4260
4261
4262
4264
4264
4264
4265
4266
4267
4268
4268
4271
4272
4272
4273
4273
4274
4274
4276
4276
4276
4279
4280
4281
4282
4285
4287
4288
4288
4289
4291
4293
4294
4294
4294
4297
4298
4299
4299
4300
4300
4301
4302
4304
4304
4305
4306
4308
4309
4310
4311
4313
4313
4314
4316
4322
4322
4323
4323
4324
4325
4326
4327
4329
4329
4330
4331
4336
4336
4337
4338
4339
4340
4340
4340
4341
4344
4344
4345
4347
4348
4348
4350
4354
4356
4357
4359
4359
4362
4363
4368
4370
4371
4374
4374
4375
4377
4377
4378
4378
4379
4381
4385
4386
4386
4387
4387
4388
4388
4389
4389
4390
4392
4394
4394
4395
4395
4396
4397
4400
4400
4403
4404
4407
4408
4408
4410
4410
4411
4414
4416
4418
4418
4419
4420
4421
4422
4424
4425
4428
4429
4431
4433
4434
4436
4436
4436
4437
4438
4442
4443
4444
4445
4447
4447
4448
4449
4449
4453
4456
4457
4457
4458
4462
4463
4465
4466
4468
4469
4469
4470
4471
4474
4474
4477
4478
4478
4480
4481
4482
4483
4484
4487
4488
4489
4492
4493
4493
4495
4495
4496
4496
4497
4497
4497
4498
4499
4499
4502
4506
4507
4507
4508
4509
4511
4513
4514
4516
4520
4521
4522
4522
4525
4526
4527
4529
4533
4534
4535
4536
4538
4539
4539
4549
4553
4555
4555
4557
4558
4558
4559
4560
4562
4563
4564
4566
4569
4569
4574
4574
4575
4577
4579
4580
4581
4582
4585
4586
4586
4590
4592
4592
4593
4597
4597
4600
4607
4609
4610
4611
4611
4612
4615
4619
4620
4620
4621
4626
4627
4631
4635
4637
4638
4641
4642
4644
4646
4646
4650
4653
4654
4658
4659
4660
4661
4664
4664
4668
4670
4671
4673
4674
4676
4679
4679
4683
4684
4685
4688
4688
4689
4691
4691
4693
4698
4700
4701
4703
4707
4709
4710
4713
4725
4727
4727
4729
4729
4732
4732
4733
4734
4736
4737
4738
4740
4740
4740
4741
4742
4746
4746
4747
4748
4748
4749
4752
4753
4755
4756
4760
4760
4763
4764
4764
4765
4769
4772
4772
4774
4774
4775
4778
4779
4782
4782
4783
4784
4784
480
706
709
729
803
959
1158
1194
1309
1317
1375
1376
1377
1393
1397
1399
1400
1429
1431
1463
1465
1472
1475
1477
1478
1480
1481
1522
1523
1525
1526
1527
1540
1597
1602
1650
1651
1726
1742
1756
1757
1758
1759
1764
1770
1798
1799
1800
1829
1832
1853
1854
1973
1993
1994
2003
2004
2005
2045
2116
2174
2193
2212
2253
2261
2267
2272
2289
2294
2296
2303
2306
2308
2312
2313
2315
2316
2321
2333
2334
2335
2336
2337
2359
2360
2361
2362
2367
2371
2372
2373
2383
2407
2409
2410
2413
2414
2415
2417
2425
2431
2441
2442
2473
2474
2475
2476
2483
2484
2485
2496
2497
2498
2499
2501
2511
2512
2531
2549
2550
2551
2552
2553
2554
2555
2556
2562
2563
2564
2565
2592
2593
2594
2595
2632
2633
2634
2635
2636
2637
2638
2639
2652
2653
2654
2655
2661
2662
2663
2664
2785
2787
2790
2791
2792
2793
2794
2844
2859
2860
2861
2862
2863
2864
2866
2867
2868
2869
2876
2878
2879
2917
2918
2944
3228
3244
3245
3645
3654
3982
3985
3986
3987
3988
3989
3991
3994
3995
3996
3999
4000
4001
4002
4005
4007
4008
4009
4013
4014
4015
4022
4023
4027
4030
4031
4037
4038
4039
4040
4041
4043
4044
4048
4050
4051
4052
4053
4056
4057
4058
4061
4063
4108
4204
4206
4207
4208
4210
4212
4214
4218
4221
4222
4229
4230
4231
4236
4243
4244
4246
4247
4253
4254
4255
4260
4261
4262
4269
4297
4303
4401
4402
4418
4419
4426
4428
4430
4434
4439
4445
4450
4455
4457
4461
4463
4464
4469
4470
4472
4497
4499
4596
4598
4615
4617
4621
4624
4626
4629
4630
4640
4643
4653
4654
4660
4661
4665
4684
2329
2370
2657
2614
4342
2689
2591
2601
2646
3417
846
2492
2245
4068
2281
2684
533
3289
4776
2162
3134
2727
4072
608
3229
911
2851
3940
2857
2617
591
2775
3348
2490
3086
3364
3830
634
434
2608
2391
2544
2728
2930
2348
190
3352
3064
2677
4532
3020
2606
4346
2679
2603
3137
2626
2880
2452
630
2571
3044
2722
3306
640
2536
3144
3074
3212
2682
560
3038
2548
3836
4323
3034
570
3018
604
3403
3178
4791
3011
3894
3893
2171
3838
3269
4366
4327
3161
3258
2350
3785
3128
575
3177
3138
3823
3225
906
3827
3302
2647
3226
2427
3895
3165
1049
3441
4380
373
1106
67
1977
205
1152
2320
3535
99
95
2513
3965
2643
1622
4179
1079
2656
2914
980
2216
4583
2079
855
3293
1335
155
661
674
48
2384
1324
4389
875
58
598
878
4587
3451
1389
3448
1491
3422
3527
2086
1617
4128
4728
1307
1573
2291
2623
343
1295
132
1530
1987
2394
571
4788
2317
1024
2977
1697
4707
40
775
3640
473
1961
1052
2919
1687
1361
3706
1238
1676
2074
380
384
2797
2298
1862
1891
128
2813
2324
927
1047
2510
4601
3978
2924
3440
1500
4706
1969
260
3566
2266
174
1181
2183
2270
1852
2823
4651
822
2126
377
847
409
4551
1002
2665
1656
3598
1455
3862
1279
3498
4129
1606
4590
3526
2916
277
2282
1236
1073
1163
2204
1698
2081
2186
3452
1017
1730
2381
2488
4284
3250
4194
1186
2254
4145
1850
3407
753
1835
1426
335
83
1618
958
4750
2377
2568
1695
4305
2160
1101
3487
3303
1834
4591
271
243
3469
3061
3456
550
2344
2300
657
919
1806
3400
3542
3431
2559
1162
1145
2939
2191
439
4588
361
3712
441
64
1794
1183
3427
28
4564
1264
549
2469
3326
3528
2853
1813
2353
4718
3956
4374
2676
4518
673
1728
3964
150
369
4219
1595
531
1387
1023
948
1419
1633
1960
4711
212
3145
4358
1249
1421
1278
4146
2827
391
703
734
285
4789
2884
816
4666
4628
1209
1980
721
2566
4569
4186
585
1065
4348
4505
4543
4483
288
2922
3857
281
438
970
292
3539
4393
4577
1014
1316
536
3699
2050
3075
3565
191
270
3921
3615
3460
4118
3876
1493
768
3963
2847
149
1366
1921
3392
1159
2685
1841
1873
4404
3125
4716
3729
3410
3450
2729
4582
3127
1686
679
998
1062
2226
1161
258
3261
427
1683
257
2534
1436
867
1407
2224
1932
1795
2169
1559
3917
1
4069
2037
3013
2087
3690
1257
2402
4287
2101
3320
3869
3947
2041
2991
2055
2057
1729
4286
1225
2642
1517
819
4365
421
4519
1613
1300
3580
2624
172
4234
2114
1001
1784
1845
2973
3529
857
2783
140
3537
164
4407
2718
1953
498
3790
245
1242
2239
1068
2341
2220
91
656
936
2008
1302
632
1552
4585
3089
3495
1271
1601
925
1244
3438
1352
1923
1439
4381
1289
509
4709
742
2580
4304
3298
2389
2219
2814
1898
3538
2756
2627
1507
902
1612
4220
4528
1844
1590
1635
1305
1205
3599
3768
3788
2233
851
2625
2292
2905
3262
1454
876
3239
1237
2708
1041
3912
2976
1071
454
3832
861
2865
3491
4516
440
1781
3955
839
3295
616
4193
2584
2385
1448
392
2107
3110
558
3141
2948
230
318
784
3868
3159
3562
2065
761
3888
138
1685
1693
4155
2105
2530
2274
2090
234
3718
4526
47
3572
1009
4242
860
2130
3058
3736
4670
273
3388
1422
2456
4579
1859
651
496
4294
1551
4295
4273
1802
1262
2205
161
80
2848
2052
3496
1120
2293
4415
4075
486
220
3097
1069
1160
2557
1034
139
3273
2648
2926
1785
2207
125
4198
3967
185
668
1396
198
1871
2228
3618
263
3882
2507
1811
1605
655
2345
1505
4565
1042
2856
2744
4725
1005
1210
96
712
3208
4755
485
526
3971
1731
1395
1310
2031
2066
1469
4767
433
2538
1313
4487
727
1410
1458
2770
1570
3015
3523
2730
2117
4408
202
3522
289
1076
939
2520
2136
2310
322
3548
3135
3850
2482
3457
1007
2044
1725
3883
4122
2323
2542
3937
3811
266
4681
830
659
1569
1464
2586
4383
1652
1620
151
518
3602
4328
2093
3747
3043
171
3199
1571
1321
3559
2154
4507
1087
4721
2923
1874
667
681
2687
3001
88
3513
4558
3455
2199
595
3093
1592
1123
4398
3415
3000
1970
1319
1566
4745
3847
1330
786
4272
3443
3904
2707
1494
3408
3340
4676
2630
2532
2238
4436
3035
2047
2387
2102
2366
821
2688
4115
2521
4384
1723
4502
2110
3082
823
2376
2428
2089
4437
3493
2064
896
2704
2024
2304
3045
3079
3345
2210
2418
17
3350
1843
357
3545
696
1358
3288
2330
3887
1425
2910
3532
1872
1558
1905
1989
2080
2122
1924
2029
1840
1270
4714
1649
2472
1810
2987
1626
2956
4559
2854
913
1240
4717
665
4120
4124
740
2698
2132
1580
2392
3380
2034
658
2701
1804
1751
4560
1339
1709
1792
2028
3600
4296
858
4663
2042
3807
4354
805
1369
1103
3801
3406
1691
1097
1553
4171
3531
2026
1461
1867
2481
513
1610
4235
551
901
1394
2252
360
3590
501
1535
1061
724
4345
3859
3505
3019
2738
4544
1060
465
282
4333
1865
829
4167
3230
3157
4189
4607
3359
2025
3031
1777
2758
2358
2251
1957
77
600
3735
4343
4440
2400
1126
4329
1583
2843
3467
990
81
2649
2950
3665
3023
178
1092
592
4386
4485
969
2786
2157
3919
1466
2290
3426
793
794
1207
2019
3122
3486
1572
3936
2706
1415
1514
3123
982
184
1055
2217
3976
1848
3557
586
2936
4349
344
3941
1200
3512
1689
4103
2202
2619
3543
2902
1334
1384
4117
1941
334
1459
4181
874
11
1803
4503
193
3494
614
1608
2832
3849
1584
3622
1388
1721
3916
1778
2013
2455
4096
2258
1837
947
3506
930
2778
2167
892
1364
3903
4082
3300
3232
3124
3767
1971
4325
3905
3439
3458
4580
1538
1413
1173
2201
3309
1998
306
1947
215
3521
4517
4693
1679
2123
29
126
2454
3100
3798
1015
4556
2143
3612
824
2870
2007
3551
2803
1876
3432
2732
1449
2149
4536
1456
2155
3101
1165
1267
2757
4377
4592
272
2467
804
2800
3223
3026
755
2600
3508
1587
1586
1202
2690
304
3517
2020
2659
3067
1381
1170
3879
726
1702
2082
2033
2470
1958
2030
987
1438
4106
3207
3421
4085
3297
1367
36
1746
4534
1634
1913
534
1671
1275
1870
1688
3334
2596
2759
1154
3943
3323
976
2200
4375
4093
354
2151
1833
4355
4361
751
4140
4131
4710
3256
938
1195
3918
1636
1045
883
3037
76
3803
4686
3518
3824
68
2144
672
4690
3106
3263
4285
3489
3095
2946
2961
3569
1755
935
540
1328
2184
3036
1986
4102
2599
3255
1348
1006
1192
2894
1645
1611
2388
669
4783
1211
1050
2139
2666
1771
817
4508
3671
1821
1699
2515
1714
1581
276
2500
2103
2933
3818
4315
2969
3280
1673
4280
1925
3088
1113
1819
2959
4521
3090
1100
3047
4184
3319
642
2764
79
1780
3950
4185
1824
1786
916
1779
1179
3126
291
3166
3022
3482
3775
566
3139
1258
1374
406
1355
3055
2579
3780
4088
2611
3647
820
2347
1992
1380
4164
177
1997
2696
1659
4525
1308
1531
3689
2178
3899
4689
3073
53
4178
1576
2570
2100
2967
3915
4600
4077
1708
1435
2518
4537
2118
1849
3946
2893
3024
1329
66
3465
1174
2748
962
856
1914
154
3583
167
1360
2669
2607
1623
3914
2799
512
3643
168
2095
4148
303
2873
3694
3516
3632
100
552
1251
3054
725
649
2890
1662
4087
863
2519
3461
3679
3305
1340
1985
2836
3447
2820
355
2970
601
2094
2724
1911
3563
806
2374
3878
3700
2895
2920
2913
3480
2059
1022
3050
2903
3404
1624
1137
1135
207
1644
832
2904
1896
116
2602
1212
1647
2982
1666
1749
1946
3558
1420
2108
765
269
3025
1667
2461
1765
2435
3428
2463
2227
1467
146
2142
1343
3395
3831
3181
3434
2750
2780
4130
1128
3630
618
3741
2574
4176
3812
394
2489
741
176
3190
4727
74
1889
4514
3271
2156
331
2951
3842
3315
2577
3660
1894
743
3473
2671
2327
4431
3478
1379
3196
2263
1059
1999
1754
4309
4603
3198
2121
3254
2299
1820
3402
129
2699
4669
2412
1446
900
4119
1452
1155
414
85
3147
3960
1904
1404
2774
543
1094
2302
1293
1766
2762
2438
2135
259
3327
2798
1694
4385
217
1269
3115
2912
2796
3189
1543
3322
510
4378
2104
2821
1614
3152
2943
224
1229
1281
3117
1648
4277
1783
2390
612
470
704
738
529
4356
19
1963
3099
4699
1511
2849
1577
1105
2405
3691
1370
363
1629
328
4576
4080
1657
4330
2541
1983
2807
2888
774
576
316
1004
226
313
1711
2640
4723
2998
3132
593
3114
2352
862
956
1284
3247
4162
4137
2340
898
42
2629
813
1890
4705
2772
3063
3709
1176
3703
652
4586
735
2795
4413
778
0
568
3057
3446
4752
2540
12
723
3765
4376
2279
2697
3961
2287
2146
3481
3672
3855
1232
3769
455
2631
1668
4701
2974
1443
3131
1767
1940
2436
1700
4685
4787
2908
2111
4182
2672
4116
3087
946
1104
3062
3727
3170
1437
3755
1063
2734
3029
4344
424
3702
2010
1956
2543
2802
2620
3005
1537
3953
3889
3374
1979
3924
744
3770
1382
647
3307
2342
2250
4703
2460
6
644
3233
3574
1146
1167
2225
1503
3634
3670
3611
3867
4756
4392
2963
1887
4166
2277
973
1320
702
3349
3587
1134
654
4290
4195
1790
2801
2182
3786
2255
2339
3577
1713
2516
4417
2506
2658
63
4688
1521
2928
2264
1107
4337
4766
1793
2788
346
2015
297
1190
2229
336
2346
944
436
1789
430
637
359
122
1900
4511
1304
2449
1241
1168
2834
2692
1254
4726
1513
954
4672
3970
3698
3433
2569
836
3536
1948
1372
2805
2326
4334
4132
2840
143
1409
1856
2789
4090
2819
3898
1093
4691
921
4410
2027
2221
2168
3040
2984
3378
3094
1033
2975
638
3835
621
417
3655
1807
1658
3387
2115
4362
2437
960
3676
2589
2466
2069
2874
2942
877
1119
924
1191
4150
2505
4403
1118
833
1440
996
517
988
3896
249
3668
3726
695
1043
3484
1286
145
4336
2749
2929
4538
2380
4313
1447
4493
4542
4066
3314
2017
107
1311
1138
2822
3316
2581
4020
3541
2828
664
3721
3707
2319
2471
3445
3424
3877
827
366
268
347
894
52
3267
2096
3911
2120
1562
1720
1012
1064
5
3828
3246
1390
3744
2979
828
1574
4549
3509
2781
871
1851
1485
244
3008
3248
1287
398
476
4158
315
1247
3462
3078
2882
353
759
2187
747
1625
479
3275
2444
3396
757
3573
1549
462
897
2667
2815
4570
2040
4320
3069
2091
3367
3251
3725
2109
848
4127
4573
4578
1383
953
4682
39
3968
2399
3160
767
1350
4338
841
2430
1450
4225
2401
4712
1621
2715
2558
4308
4713
4475
1788
624
1680
2988
4581
2934
2260
1727
2398
2900
1796
1877
3758
923
1086
1556
2446
2236
2898
2720
3369
3772
1578
2078
3810
749
2883
1908
2954
2075
3885
1678
3511
133
2588
942
4157
3109
2972
1814
1501
1291
4071
4100
619
1884
2179
587
389
1282
719
3021
1707
2981
1855
3290
3274
1739
937
3175
4111
3085
3748
3510
2403
2881
3121
2404
1990
3673
2539
2965
1670
762
2181
3874
684
3762
2940
1959
1643
3625
872
1031
4395
2006
3430
1964
1220
2751
3844
2124
2134
3049
362
4539
4673
1285
2605
2818
108
4073
2209
1542
3771
3016
2871
2464
852
607
1362
1822
2932
3375
1057
893
4568
1276
2448
3014
3739
311
4574
2271
1259
3158
2349
2190
1816
199
453
1109
3112
3399
3966
2211
2885
3007
2980
3004
3524
4460
809
1226
2265
2889
2925
2765
1224
3722
2733
3265
3077
4105
2035
301
691
1294
4642
2838
3641
933
3249
692
471
350
3648
2262
626
2453
2429
404
4584
689
1115
124
1406
1701
1880
746
1132
2892
3880
2301
2276
3575
2753
2740
3593
2128
3081
519
1827
2203
3235
2719
4203
776
1664
2712
2067
2949
51
2177
931
2835
1228
1354
1250
4097
1934
1441
23
3056
1962
3423
1674
4143
2158
1548
3696
2131
54
3778
3311
3791
1096
1544
978
2285
783
811
623
2133
3808
1653
4675
1598
605
431
802
2809
2479
2235
1546
2997
4359
1864
2986
680
4523
2546
1357
2824
3750
1906
3148
2993
415
1942
1978
2628
4641
1847
2968
2248
1089
2084
3871
3881
3409
2138
1681
2257
3156
2073
4112
2992
2195
3873
2710
1885
835
812
3746
4645
3180
2000
2148
3470
1386
2218
2283
1696
3071
2246
2899
3763
25
1599
1363
500
3578
1215
2716
977
2737
115
807
3710
1445
1347
4515
2891
186
2825
4201
3240
4636
175
4092
1457
1172
2971
400
3118
3091
796
2063
1866
4589
3041
2450
1639
2176
1818
3954
1740
3819
4563
3628
2153
1632
329
3805
2989
2915
3191
2061
3745
278
1589
1897
4192
3843
3870
814
2947
2711
2585
3234
375
1665
3795
701
3974
3253
3717
1371
1411
484
2060
1453
1619
3330
3776
1121
4719
412
279
2159
3901
432
1735
2761
502
3065
2443
1547
1928
2196
2314
4529
772
2163
3813
1717
3802
2931
2576
3003
314
2243
2524
1738
2318
1434
1892
2766
3945
2502
3218
544
1322
3708
1331
3171
3009
4671
602
2763
3222
1234
799
4604
1299
3909
3397
3781
4390
3351
2458
2906
3570
2597
3335
2356
3520
2887
4611
3627
3202
1277
4697
2560
3975
4512
3120
368
2901
3238
3192
1536
2985
3136
1178
2839
818
1936
3143
2615
1197
1654
3076
2958
929
488
1189
2996
1488
286
4593
2587
3195
1298
3066
9
183
908
425
4400
2526
2829
2311
4613
1732
3662
1949
1515
2735
4316
952
1787
2328
2830
2995
3497
2945
65
3442
4533
4550
2369
3793
3420
4165
4064
3453
2983
1235
2508
3111
1099
2018
690
364
4599
4187
3553
1072
3083
1227
4443
1748
943
2773
1248
3825
61
3581
401
1875
3564
1909
1110
4482
1737
675
4610
583
966
4223
3119
4722
1444
4481
1565
2230
4748
3540
1512
3902
4612
4557
1638
4555
3669
1692
4562
3051
2284
764
606
4608
2208
2231
413
1139
3347
3216
4411
2393
2268
2325
700
2032
2099
2406
3301
1208
4647
2760
3659
3757
4396
4438
2433
2952
1631
1772
4738
2396
584
4357
3217
1487
338
2494
1333
3684
3657
4614
261
4351
203
1868
4353
1712
3252
3028
262
3483
491
327
887
87
4379
209
3584
41
231
4695
2119
1950
1171
2113
4369
4700
235
300
660
579
2009
1301
1533
1561
482
3129
2001
399
594
3613
3604
3534
1663
4168
3386
1019
2237
2680
1655
69
3642
50
1836
2365
376
2241
4702
307
2598
837
1839
1476
2354
2445
1403
745
1791
4169
1402
2674
4451
4704
1498
547
1470
238
1325
992
4540
4535
3875
1081
2332
825
797
1424
2529
920
1504
1016
3501
522
2223
567
3555
4363
4388
4397
1951
3474
2777
904
4530
2545
1315
4391
2379
1954
1753
3155
597
2641
4545
890
758
201
4177
3607
227
1869
2426
599
1261
1188
1499
1486
4406
4522
1011
4524
213
1196
2185
2150
4147
4149
2249
1153
1131
548
2054
73
197
284
1405
2112
1201
14
4479
26
1560
1769
1817
402
2804
2808
3864
2811
463
1365
1568
2769
1416
1916
141
2338
2378
10
4180
3686
4160
229
3468
1303
3435
1344
528
423
3973
3979
3103
1600
1489
3939
342
3609
443
4159
4405
31
3977
789
3586
1067
98
2535
1585
4566
542
152
3650
3972
3958
2457
2517
2622
84
254
1809
854
4609
294
1032
1385
4698
1056
1703
4035
106
2522
2092
1564
)


// ************************************************************************* //
