/*--------------------------------*- C++ -*----------------------------------*\
| =========                 |                                                 |
| \\      /  F ield         | OpenFOAM: The Open Source CFD Toolbox           |
|  \\    /   O peration     | Version:  2412                                  |
|   \\  /    A nd           | Website:  www.openfoam.com                      |
|    \\/     M anipulation  |                                                 |
\*---------------------------------------------------------------------------*/
FoamFile
{
    version     2.0;
    format      ascii;
    arch        "LSB;label=32;scalar=64";
    class       vectorField;
    location    "constant/air/polyMesh";
    object      points;
}
// * * * * * * * * * * * * * * * * * * * * * * * * * * * * * * * * * * * * * //


1688
(
(-5 -5 5)
(-5 -5 5.6)
(5 -5 5.6)
(5 -5 5)
(5 5 5.6)
(5 5 5)
(-5 5 5.6)
(-5 5 5)
(-75 -75 -75)
(-75 -75 75)
(75 -75 75)
(75 -75 -75)
(-75 75 -75)
(-75 75 75)
(75 75 75)
(75 75 -75)
(-25 -17.5 3.4)
(-25 -17.5 5)
(25 -17.5 5)
(25 -17.5 3.4)
(-25 17.5 3.4)
(-25 17.5 5)
(25 17.5 5)
(25 17.5 3.4)
(-3 -5 5.6)
(-1 -5 5.6)
(1 -5 5.6)
(3 -5 5.6)
(-3 -5 5)
(-1 -5 5)
(1 -5 5)
(3 -5 5)
(5 -3 5.6)
(5 -1 5.6)
(5 0.999999 5.6)
(5 3 5.6)
(5 -3 5)
(5 -1 5)
(5 0.999999 5)
(5 3 5)
(3 5 5.6)
(1 5 5.6)
(-1 5 5.6)
(-3 5 5.6)
(3 5 5)
(1 5 5)
(-1 5 5)
(-3 5 5)
(-5 3 5.6)
(-5 0.999999 5.6)
(-5 -1 5.6)
(-5 -3 5.6)
(-5 3 5)
(-5 0.999999 5)
(-5 -1 5)
(-5 -3 5)
(-75 -75 -50)
(-75 -75 -25)
(-75 -75 -1.98952e-13)
(-75 -75 25)
(-75 -75 50)
(-50 -75 75)
(-25 -75 75)
(-1.98952e-13 -75 75)
(25 -75 75)
(50 -75 75)
(75 -75 -50)
(75 -75 -25)
(75 -75 -1.98952e-13)
(75 -75 25)
(75 -75 50)
(-50 -75 -75)
(-25 -75 -75)
(-1.98952e-13 -75 -75)
(25 -75 -75)
(50 -75 -75)
(-75 75 -50)
(-75 75 -25)
(-75 75 -1.98952e-13)
(-75 75 25)
(-75 75 50)
(-75 50 75)
(-75 25 75)
(-75 1.98952e-13 75)
(-75 -25 75)
(-75 -50 75)
(-75 50 -75)
(-75 25 -75)
(-75 1.98952e-13 -75)
(-75 -25 -75)
(-75 -50 -75)
(75 -50 75)
(75 -25 75)
(75 -1.98952e-13 75)
(75 25 75)
(75 50 75)
(50 75 75)
(25 75 75)
(1.98952e-13 75 75)
(-25 75 75)
(-50 75 75)
(75 75 -50)
(75 75 -25)
(75 75 -1.98952e-13)
(75 75 25)
(75 75 50)
(75 -50 -75)
(75 -25 -75)
(75 -1.98952e-13 -75)
(75 25 -75)
(75 50 -75)
(50 75 -75)
(25 75 -75)
(1.98952e-13 75 -75)
(-25 75 -75)
(-50 75 -75)
(-23 -17.5 5)
(-21 -17.5 5)
(-19 -17.5 5)
(-17 -17.5 5)
(-15 -17.5 5)
(-13 -17.5 5)
(-11 -17.5 5)
(-9 -17.5 5)
(-7 -17.5 5)
(-5 -17.5 5)
(-3 -17.5 5)
(-1 -17.5 5)
(1 -17.5 5)
(3 -17.5 5)
(5 -17.5 5)
(7 -17.5 5)
(9 -17.5 5)
(11 -17.5 5)
(13 -17.5 5)
(15 -17.5 5)
(17 -17.5 5)
(19 -17.5 5)
(21 -17.5 5)
(23 -17.5 5)
(-23 -17.5 3.4)
(-21 -17.5 3.4)
(-19 -17.5 3.4)
(-17 -17.5 3.4)
(-15 -17.5 3.4)
(-13 -17.5 3.4)
(-11 -17.5 3.4)
(-9 -17.5 3.4)
(-7 -17.5 3.4)
(-5 -17.5 3.4)
(-3 -17.5 3.4)
(-1 -17.5 3.4)
(1 -17.5 3.4)
(3 -17.5 3.4)
(5 -17.5 3.4)
(7 -17.5 3.4)
(9 -17.5 3.4)
(11 -17.5 3.4)
(13 -17.5 3.4)
(15 -17.5 3.4)
(17 -17.5 3.4)
(19 -17.5 3.4)
(21 -17.5 3.4)
(23 -17.5 3.4)
(-25 15.5556 5)
(-25 13.6111 5)
(-25 11.6667 5)
(-25 9.72222 5)
(-25 7.77778 5)
(-25 5.83333 5)
(-25 3.88889 5)
(-25 1.94444 5)
(-25 -5.96047e-07 5)
(-25 -1.94445 5)
(-25 -3.88889 5)
(-25 -5.83333 5)
(-25 -7.77778 5)
(-25 -9.72222 5)
(-25 -11.6667 5)
(-25 -13.6111 5)
(-25 -15.5556 5)
(-25 15.5556 3.4)
(-25 13.6111 3.4)
(-25 11.6667 3.4)
(-25 9.72222 3.4)
(-25 7.77778 3.4)
(-25 5.83333 3.4)
(-25 3.88889 3.4)
(-25 1.94444 3.4)
(-25 -5.96047e-07 3.4)
(-25 -1.94445 3.4)
(-25 -3.88889 3.4)
(-25 -5.83333 3.4)
(-25 -7.77778 3.4)
(-25 -9.72222 3.4)
(-25 -11.6667 3.4)
(-25 -13.6111 3.4)
(-25 -15.5556 3.4)
(25 -15.5556 5)
(25 -13.6111 5)
(25 -11.6667 5)
(25 -9.72222 5)
(25 -7.77778 5)
(25 -5.83333 5)
(25 -3.88889 5)
(25 -1.94445 5)
(25 -5.96047e-07 5)
(25 1.94444 5)
(25 3.88889 5)
(25 5.83333 5)
(25 7.77778 5)
(25 9.72222 5)
(25 11.6667 5)
(25 13.6111 5)
(25 15.5556 5)
(23 17.5 5)
(21 17.5 5)
(19 17.5 5)
(17 17.5 5)
(15 17.5 5)
(13 17.5 5)
(11 17.5 5)
(9 17.5 5)
(7 17.5 5)
(5 17.5 5)
(3 17.5 5)
(1 17.5 5)
(-1 17.5 5)
(-3 17.5 5)
(-5 17.5 5)
(-7 17.5 5)
(-9 17.5 5)
(-11 17.5 5)
(-13 17.5 5)
(-15 17.5 5)
(-17 17.5 5)
(-19 17.5 5)
(-21 17.5 5)
(-23 17.5 5)
(25 -15.5556 3.4)
(25 -13.6111 3.4)
(25 -11.6667 3.4)
(25 -9.72222 3.4)
(25 -7.77778 3.4)
(25 -5.83333 3.4)
(25 -3.88889 3.4)
(25 -1.94445 3.4)
(25 -5.96047e-07 3.4)
(25 1.94444 3.4)
(25 3.88889 3.4)
(25 5.83333 3.4)
(25 7.77778 3.4)
(25 9.72222 3.4)
(25 11.6667 3.4)
(25 13.6111 3.4)
(25 15.5556 3.4)
(23 17.5 3.4)
(21 17.5 3.4)
(19 17.5 3.4)
(17 17.5 3.4)
(15 17.5 3.4)
(13 17.5 3.4)
(11 17.5 3.4)
(9 17.5 3.4)
(7 17.5 3.4)
(5 17.5 3.4)
(3 17.5 3.4)
(1 17.5 3.4)
(-1 17.5 3.4)
(-3 17.5 3.4)
(-5 17.5 3.4)
(-7 17.5 3.4)
(-9 17.5 3.4)
(-11 17.5 3.4)
(-13 17.5 3.4)
(-15 17.5 3.4)
(-17 17.5 3.4)
(-19 17.5 3.4)
(-21 17.5 3.4)
(-23 17.5 3.4)
(0 -5.96047e-07 5.6)
(-2.125 -2.125 5.6)
(2.125 -2.125 5.6)
(2.125 2.125 5.6)
(-2.125 2.125 5.6)
(-0.103261 -2.96065 5.6)
(2.96064 -0.103261 5.6)
(0.103261 2.96064 5.6)
(-2.96064 0.10326 5.6)
(-3.35538 -3.35538 5.6)
(3.35538 -3.35538 5.6)
(3.35538 3.35538 5.6)
(-3.35538 3.35538 5.6)
(-1.31657 -0.696557 5.6)
(0.755292 -1.16795 5.6)
(1.17295 0.767928 5.6)
(-0.753986 1.17002 5.6)
(-1.91673 -3.68821 5.6)
(1.87542 -3.68821 5.6)
(3.6882 -1.91673 5.6)
(3.6882 1.87542 5.6)
(1.91673 3.6882 5.6)
(-1.87542 3.6882 5.6)
(-3.6882 1.91673 5.6)
(-3.6882 -1.87542 5.6)
(0 -75 0)
(40.625 -75 40.625)
(40.625 -75 -40.625)
(-40.625 -75 40.625)
(-46.4286 -75 -46.4286)
(-42.5565 -75 -4.41873)
(-3.52479 -75 -41.4338)
(51.0417 -75 -1.42109e-13)
(-1.13687e-13 -75 51.0417)
(-61.6459 -75 61.6459)
(61.6459 -75 -61.6459)
(61.8899 -75 61.8899)
(-62.1746 -75 -62.1746)
(-75 0 0)
(-75 -40.625 40.625)
(-75 -40.625 -40.625)
(-75 40.625 40.625)
(-75 46.4286 -46.4286)
(-75 42.5565 -4.41873)
(-75 3.52479 -41.4338)
(-75 -51.0417 -1.42109e-13)
(-75 1.13687e-13 51.0417)
(-75 -61.6459 -61.6459)
(-75 61.6459 61.6459)
(-75 -61.8899 61.8899)
(-75 62.1746 -62.1746)
(-3.79168e-16 0 75)
(40.625 -40.625 75)
(-40.625 40.625 75)
(40.625 40.625 75)
(-40.625 -40.625 75)
(-51.0417 1.18424e-13 75)
(51.0417 -1.1724e-13 75)
(-1.1724e-13 -51.0417 75)
(1.16055e-13 51.0417 75)
(-61.8899 -61.8899 75)
(61.8899 -61.8899 75)
(-61.8899 61.8899 75)
(61.8899 61.8899 75)
(75 0 0)
(75 40.625 40.625)
(75 -40.625 40.625)
(75 40.625 -40.625)
(75 -46.4286 -46.4286)
(75 -42.5565 -4.41873)
(75 -3.52479 -41.4338)
(75 51.0417 -1.27898e-13)
(75 -1.27898e-13 51.0417)
(75 -61.6459 61.6459)
(75 61.6459 -61.6459)
(75 61.8899 61.8899)
(75 -62.1746 -62.1746)
(-8.092e-16 2.312e-16 -75)
(-40.625 40.625 -75)
(40.625 40.625 -75)
(-40.625 -40.625 -75)
(40.625 -40.625 -75)
(-1.1724e-13 -51.0417 -75)
(-51.0417 1.18424e-13 -75)
(51.0417 -1.16055e-13 -75)
(1.19608e-13 51.0417 -75)
(-61.8899 -61.8899 -75)
(61.8899 -61.8899 -75)
(-61.8899 61.8899 -75)
(61.8899 61.8899 -75)
(0 75 0)
(-40.625 75 40.625)
(-40.625 75 -40.625)
(40.625 75 40.625)
(46.4286 75 -46.4286)
(42.5565 75 -4.41873)
(3.52479 75 -41.4338)
(-51.0417 75 -1.42109e-13)
(1.13687e-13 75 51.0417)
(-61.8899 75 -61.8899)
(61.6459 75 61.6459)
(-61.8899 75 61.8899)
(62.1746 75 -62.1746)
(-24 -17.5 4.2)
(24 -17.5 4.2)
(-22 -17.5 4.2)
(-20 -17.5 4.2)
(-18 -17.5 4.2)
(-16 -17.5 4.2)
(-14 -17.5 4.2)
(-12 -17.5 4.2)
(-10 -17.5 4.2)
(-8 -17.5 4.2)
(-6 -17.5 4.2)
(-4 -17.5 4.2)
(-2 -17.5 4.2)
(0 -17.5 4.2)
(2 -17.5 4.2)
(4 -17.5 4.2)
(6 -17.5 4.2)
(8 -17.5 4.2)
(10 -17.5 4.2)
(12 -17.5 4.2)
(14 -17.5 4.2)
(16 -17.5 4.2)
(18 -17.5 4.2)
(20 -17.5 4.2)
(22 -17.5 4.2)
(-25 -2.91667 4.2)
(-25 -10.6944 4.2)
(-25 -14.5833 4.2)
(-25 16.5278 4.2)
(-25 10.6944 4.2)
(-25 -6.80556 4.2)
(-25 0.972222 4.2)
(-25 6.80555 4.2)
(-25 4.86111 4.2)
(-25 2.91667 4.2)
(-25 -0.972223 4.2)
(-25 -4.86111 4.2)
(-25 -12.6389 4.2)
(-25 14.5833 4.2)
(-25 12.6389 4.2)
(-25 8.75 4.2)
(-25 -8.75 4.2)
(-25 -16.5278 4.2)
(-14.7739 -6.83874 5)
(14.9305 -6.87537 5)
(14.885 6.78219 5)
(-14.885 6.78219 5)
(-17.5528 0.0975603 5)
(17.5528 0.0975603 5)
(8.98112 -10.5604 5)
(-9.09834 -10.7227 5)
(8.90404 10.5024 5)
(-9.12337 10.5705 5)
(11.4086 -1.441 5)
(-11.4086 -1.441 5)
(-2.09205 -11.238 5)
(2.05991 11.2684 5)
(-18.786 -11.4695 5)
(18.786 -11.4695 5)
(-18.7851 11.4686 5)
(18.7851 11.4686 5)
(-3.62082 11.8783 5)
(3.62082 -11.8783 5)
(10.5764 4.18069 5)
(-10.457 3.97437 5)
(-19.7494 -5.15086 5)
(19.7494 -5.15086 5)
(-19.8301 4.86111 5)
(19.8301 4.86111 5)
(-13.8262 -12.5088 5)
(13.8265 -12.5092 5)
(-13.8266 12.6688 5)
(13.8252 12.6685 5)
(-9.77037 -5.77786 5)
(9.66795 -5.85607 5)
(5.68694 13.4234 5)
(-5.74575 -13.351 5)
(14.3792 2.63109 5)
(-14.3792 2.63109 5)
(-5.26706 -8.66021 5)
(5.32144 8.65264 5)
(-15.0393 -2.89555 5)
(15.0393 -2.89555 5)
(1.45172 -9.0223 5)
(-1.27671 8.78917 5)
(21.0493 0.801776 5)
(-21.1872 0.898061 5)
(-21.2467 -8.28162 5)
(-21.2427 8.39739 5)
(21.2467 -8.28162 5)
(21.2427 8.39739 5)
(6.03743 -8.88694 5)
(-5.86958 8.79525 5)
(7.15603 -14.0233 5)
(-6.99155 13.4781 5)
(10.8452 7.19674 5)
(-10.9771 7.24249 5)
(0.672896 -14.3534 5)
(-0.488488 13.8037 5)
(-10.7442 -13.8479 5)
(10.8257 14.1727 5)
(10.5081 -13.7825 5)
(-10.477 14.1725 5)
(21.6063 -14.1325 5)
(-21.6063 -14.1325 5)
(21.6063 14.1325 5)
(-21.6063 14.1325 5)
(-8.34786 0.71484 5)
(8.58185 0.770741 5)
(12.3984 -9.25308 5)
(-12.3984 -9.25308 5)
(7.61459 6.8358 5)
(-16.8561 -14.1092 5)
(16.8561 -14.1092 5)
(16.8561 14.1092 5)
(-16.8561 14.1092 5)
(8.18202 -2.6809 5)
(-8.1331 -2.76276 5)
(-8.13782 6.37588 5)
(-17.9175 -8.1671 5)
(17.9175 -8.1671 5)
(-17.9291 8.24784 5)
(17.9291 8.24784 5)
(-21.6038 -2.07855 5)
(21.7643 -2.24926 5)
(-2 -8.045 5)
(2 8.045 5)
(-2.9957 -14.6413 5)
(2.98299 14.6387 5)
(-12.5823 -4.79072 5)
(12.5509 -4.60986 5)
(17.3968 3.03198 5)
(-17.3968 3.03198 5)
(15.374 9.95462 5)
(-15.374 9.95462 5)
(15.3575 -9.8163 5)
(-15.3575 -9.8163 5)
(22.2152 11.1129 5)
(-22.1527 -11.1452 5)
(-22.2152 11.1129 5)
(22.1527 -11.1452 5)
(-4 14.7653 5)
(4 -14.7653 5)
(-12.1024 10.3144 5)
(12.0957 10.2639 5)
(-14.2928 -0.111325 5)
(14.2928 -0.111325 5)
(11.7858 1.41063 5)
(-11.6864 1.35332 5)
(-17.8842 -2.87191 5)
(17.8842 -2.87191 5)
(-22.4868 3.46904 5)
(22.4868 3.46904 5)
(7.459 3.92223 5)
(-7.97426 -8.04911 5)
(-8.04476 -14.9755 5)
(8.00477 14.9237 5)
(12.8998 4.9558 5)
(-12.8998 4.9558 5)
(-7.55694 3.64103 5)
(22.5065 -4.86111 5)
(-22.5065 -4.86111 5)
(-16.7934 -5.28215 5)
(16.7934 -5.28215 5)
(17.1572 5.52172 5)
(-17.1572 5.52172 5)
(-3.19716 7.59876 5)
(3.40197 -7.60265 5)
(-13.9008 -14.7538 5)
(13.9021 -14.7551 5)
(13.9007 14.7728 5)
(-13.9021 14.7741 5)
(7.28147 -6.42658 5)
(22.4065 5.95054 5)
(-22.4065 5.95054 5)
(6.01376 -11.2301 5)
(-6.62625 11.1549 5)
(0.133529 -11.1166 5)
(-1.39544 11.2945 5)
(11.7954 -11.6249 5)
(-11.6194 -11.6095 5)
(-19.149 -14.9176 5)
(19.149 -14.9176 5)
(19.149 14.9176 5)
(-19.149 14.9176 5)
(10.1316 -8.35291 5)
(-4.44399 -11.7134 5)
(6.79232 11.5757 5)
(-7.35507 -4.951 5)
(4.39268 11.6716 5)
(-6.79028 -11.7158 5)
(-10.2793 -7.67791 5)
(-19.9692 -0.863276 5)
(19.8595 -0.864049 5)
(10.8977 -3.88511 5)
(-10.9693 -3.9379 5)
(-16.6586 11.9025 5)
(16.6586 11.9025 5)
(-16.6461 -11.856 5)
(16.6461 -11.856 5)
(19.2687 2.56094 5)
(-19.3937 2.57012 5)
(8.81279 -15.0626 5)
(-8.83009 14.9742 5)
(-3.84338 -7.05286 5)
(3.90341 7.11618 5)
(13.4901 8.54292 5)
(-13.4904 8.5448 5)
(11.9737 -7.47132 5)
(8.53827 12.3097 5)
(-8.42448 -12.6264 5)
(-12.7189 -7.02342 5)
(-8.0253 8.55679 5)
(-4.80552 -15.2788 5)
(4.80552 15.2788 5)
(7.60277 8.95039 5)
(15.5413 5.00683 5)
(-15.5413 5.00683 5)
(-0.218394 -7.10797 5)
(0.243395 7.07467 5)
(-23.1461 -6.73892 5)
(23.1461 -6.73892 5)
(7.2895 -0.96363 5)
(-7.22367 -0.946891 5)
(8.05786 -8.64894 5)
(2.15557 -15.66 5)
(-2.20787 15.6298 5)
(3.2002 -9.75868 5)
(-3.10825 9.76113 5)
(-22.9173 -0.45593 5)
(22.9173 -0.45593 5)
(-6.37436 -7.08592 5)
(15.8239 1.3276 5)
(-15.8239 1.3276 5)
(-12.1534 -15.6572 5)
(12.1651 15.7063 5)
(12.1623 -15.6751 5)
(-12.1578 15.7335 5)
(-5.74697 15.5589 5)
(5.91391 -15.6111 5)
(-19.6481 7.45085 5)
(-19.6431 -7.33412 5)
(19.6431 -7.33412 5)
(19.6481 7.45085 5)
(8.83163 -12.6806 5)
(-8.96882 12.7374 5)
(1.03625 15.2694 5)
(-1.05344 -15.2919 5)
(6.7926 2.26036 5)
(10.0613 5.94311 5)
(22.9983 -15.5487 5)
(-22.9983 -15.5487 5)
(22.9983 15.5487 5)
(-22.9983 15.5487 5)
(6.86408 -4.12739 5)
(13.0925 -3.23316 5)
(-13.1097 -3.2721 5)
(-23.1438 9.12432 5)
(23.1438 9.12432 5)
(3.41499 9.54897 5)
(-6.38027 6.72628 5)
(-15.9508 -1.00925 5)
(15.9508 -1.00925 5)
(10.5965 12.0851 5)
(-10.6977 11.8721 5)
(23.0255 -9.33159 5)
(-23.0255 -9.33159 5)
(-3.4269 -9.54107 5)
(-6.6982 2.11739 5)
(19.5348 -9.58271 5)
(-19.5348 -9.58271 5)
(-19.5368 9.62726 5)
(19.5368 9.62726 5)
(9.41966 -1.07073 5)
(-9.41966 -1.07073 5)
(-0.899401 -9.49324 5)
(0.784869 9.67243 5)
(-23.2038 -12.7329 5)
(23.2038 -12.7329 5)
(23.2094 12.7251 5)
(-23.2094 12.7251 5)
(-9.92538 5.91123 5)
(9.71781 8.68801 5)
(-14.8697 -4.95583 5)
(14.7687 -4.92292 5)
(-19.5965 -2.92377 5)
(19.7314 -2.9072 5)
(1.52841 13.2112 5)
(-1.03292 -13.1173 5)
(2.71765 -13.6665 5)
(-2.57083 13.4759 5)
(9.72698 15.7336 5)
(-9.72252 -15.6954 5)
(-23.073 1.81337 5)
(23.073 1.81337 5)
(-4.8197 13.3903 5)
(5.20773 -13.2862 5)
(6.03929 7.15204 5)
(-15.6409 15.7017 5)
(15.6407 15.7015 5)
(15.6409 -15.699 5)
(-15.6407 -15.6988 5)
(5.11557 -6.99528 5)
(19.8386 13.0524 5)
(-19.8386 13.0524 5)
(19.8386 -13.0525 5)
(-19.8386 -13.0525 5)
(-12.4759 -13.7337 5)
(12.2753 13.5524 5)
(12.4669 -13.7143 5)
(-12.234 13.5211 5)
(-12.489 3.03761 5)
(12.5244 3.08385 5)
(-17.4315 -9.921 5)
(17.4315 -9.921 5)
(17.4629 10.001 5)
(-17.4629 10.001 5)
(8.77704 2.98842 5)
(-10.0005 8.78136 5)
(-4.84702 10.3818 5)
(-10.1043 2.01703 5)
(13.9826 -8.34197 5)
(-14.0828 -8.45812 5)
(13.6743 -10.6045 5)
(-13.6743 -10.6045 5)
(-1.6461 6.69252 5)
(1.89667 -6.67254 5)
(23.3624 -3.00303 5)
(-23.2529 -3.06852 5)
(20.8754 -15.6827 5)
(-20.8754 -15.6827 5)
(20.8754 15.6827 5)
(-20.8754 15.6827 5)
(-21.2522 -6.03024 5)
(21.2522 -6.03024 5)
(16.0652 -8.24197 5)
(-16.0604 -8.24874 5)
(16.0499 8.2478 5)
(-16.0499 8.24792 5)
(13.753 10.6538 5)
(-13.753 10.6538 5)
(-3.03612 -12.8047 5)
(-19.1577 0.645559 5)
(19.0737 0.564091 5)
(12.8829 6.74147 5)
(-12.8829 6.74147 5)
(-17.5483 15.9103 5)
(17.5483 15.9103 5)
(17.5483 -15.91 5)
(-17.5483 -15.9099 5)
(15.2694 -13.4791 5)
(-15.272 13.5146 5)
(-15.2692 -13.4789 5)
(15.2717 13.5143 5)
(-10.6725 -9.79336 5)
(-6.54787 -15.5214 5)
(6.52973 15.5298 5)
(3.08743 12.7546 5)
(6.77922 5.36635 5)
(10.7194 -10.0673 5)
(-6.51059 -3.47559 5)
(-23.5095 4.7645 5)
(23.5095 4.7645 5)
(4.71316 -10.1297 5)
(-16.5686 -3.78573 5)
(16.5517 -3.78024 5)
(10.2966 -15.904 5)
(-10.293 15.9761 5)
(6.64771 -2.54183 5)
(10.5494 0.346123 5)
(-18.2552 -13.0809 5)
(18.2552 -13.0809 5)
(18.2575 13.09 5)
(-18.2575 13.09 5)
(-11.3398 -5.9466 5)
(8.76981 -4.23922 5)
(-6.78651 5.09405 5)
(-10.4748 0.28941 5)
(-7.0604 -9.43119 5)
(-2.0063 -6.40058 5)
(2.02097 6.42178 5)
(20.5337 -11.4213 5)
(20.5413 11.4227 5)
(-20.5337 -11.4213 5)
(-20.5413 11.4227 5)
(-8.9491 -4.34305 5)
(8.78673 -7.20763 5)
(-13.3395 1.31923 5)
(13.3395 1.31923 5)
(7.38042 -10.3082 5)
(21.2217 -3.81483 5)
(-21.2217 -3.81483 5)
(2.00422 -10.9428 5)
(-23.7067 10.6944 5)
(23.7067 10.6944 5)
(12.3385 11.909 5)
(-8.79016 4.65412 5)
(-12.4346 11.8546 5)
(-12.5468 -0.05291 5)
(12.5758 -0.0339071 5)
(-2.45674 -16.0652 5)
(2.45456 16.0634 5)
(11.4531 5.80356 5)
(13.2919 -6.27483 5)
(-9.9525 -12.4157 5)
(-8.26553 -6.39518 5)
(18.2225 4.4295 5)
(-18.2301 4.43006 5)
(0.497853 11.85 5)
(-23.6929 -10.7696 5)
(23.6929 -10.7696 5)
(-21.0521 -9.98512 5)
(21.0521 -9.98512 5)
(21.0521 9.98512 5)
(-21.0521 9.98512 5)
(-9.41323 7.37355 5)
(4.19111 13.5534 5)
(14.9547 -11.653 5)
(-14.9546 -11.6529 5)
(-21.5937 4.82507 5)
(21.5937 4.82507 5)
(-4.22477 -13.6159 5)
(11.4929 -5.84145 5)
(-4.57608 6.68868 5)
(-18.1842 -4.414 5)
(18.1983 -4.41137 5)
(6.48577 0.486549 5)
(23.3006 7.09306 5)
(-23.3006 7.09306 5)
(18.1246 -6.17513 5)
(-18.1222 -6.17557 5)
(-8.58104 2.70124 5)
(-0.43897 16.0061 5)
(0.432291 -16.0408 5)
(-17.8708 1.54058 5)
(17.8629 1.53893 5)
(8.59574 5.23148 5)
(-15.7496 3.27373 5)
(15.7496 3.27373 5)
(10.4501 2.28359 5)
(14.9765 11.7387 5)
(-14.9768 11.7389 5)
(-3.99765 16.283 5)
(4 -16.3155 5)
(7.35835 -12.2001 5)
(10.5393 9.91726 5)
(18.075 -1.33996 5)
(-18.0834 -1.33058 5)
(-21.4194 -0.624925 5)
(21.3976 -0.691866 5)
(-11.4284 5.76507 5)
(-21.2102 2.70274 5)
(21.1994 2.77865 5)
(-9.12422 -9.04758 5)
(-6.38849 0.375622 5)
(-13.8981 -1.59271 5)
(13.8991 -1.58778 5)
(-6.22293 -2.08902 5)
(-7.69378 10.0891 5)
(-16.4457 -6.70519 5)
(16.4457 -6.70519 5)
(-21.2182 6.72457 5)
(21.2182 6.72457 5)
(-7.43762 16.0587 5)
(7.43762 -16.0587 5)
(23.74 3.16947 5)
(-23.74 3.16947 5)
(-4.28038 8.82141 5)
(-7.38597 -13.6791 5)
(3.68284 -6.25409 5)
(6.10046 4 5)
(8 16.4059 5)
(-8 -16.4059 5)
(1.32676 -12.5674 5)
(7.32822 13.645 5)
(9.09328 13.9267 5)
(4.49367 -8.67466 5)
(-11.7956 8.72781 5)
(11.6917 8.63545 5)
(10.0432 -11.7558 5)
(-23.9428 -4.86111 5)
(23.9428 -4.86111 5)
(-10.5852 10.1355 5)
(16.7002 -2.37938 5)
(-16.7052 -2.3786 5)
(-9.11524 -13.9816 5)
(14.1371 5.52183 5)
(14.0285 4.04102 5)
(-14.1371 5.52183 5)
(-14.0285 4.04102 5)
(18.1968 6.38541 5)
(-18.1977 6.38548 5)
(-23.6954 14.2093 5)
(23.6954 -14.2093 5)
(-23.6954 -14.2093 5)
(23.6954 14.2093 5)
(-13.7353 -5.95604 5)
(-16.815 4.25286 5)
(16.8135 4.25275 5)
(-16.4441 6.74102 5)
(16.444 6.74101 5)
(3.64861 16.1962 5)
(-3.65159 -16.1971 5)
(-8.02243 11.4935 5)
(-6.20833 3.77049 5)
(-21.5461 -12.5128 5)
(21.5461 -12.5128 5)
(21.5569 12.5072 5)
(-21.5569 12.5072 5)
(10.5751 -6.95152 5)
(9.73071 -2.56342 5)
(-9.75132 -2.58776 5)
(-5.38107 12.0567 5)
(24 16.5278 5)
(24 -16.5278 5)
(-24 16.5278 5)
(-24 -16.5278 5)
(9.17292 7.18234 5)
(-13.9564 -16.2992 5)
(13.9579 -16.302 5)
(13.9581 16.3094 5)
(-13.9573 16.3135 5)
(-5.44798 -10.2747 5)
(5.47588 10.3097 5)
(25 -10.6944 4.2)
(25 2.91667 4.2)
(25 6.80555 4.2)
(25 10.6944 4.2)
(25 14.5833 4.2)
(25 -16.5278 4.2)
(25 -0.972223 4.2)
(25 -6.80556 4.2)
(25 -4.86111 4.2)
(25 -2.91667 4.2)
(25 0.972222 4.2)
(25 4.86111 4.2)
(25 8.75 4.2)
(25 12.6389 4.2)
(25 -14.5833 4.2)
(25 -12.6389 4.2)
(25 -8.75 4.2)
(25 16.5278 4.2)
(-7.40911 -0.0296237 3.4)
(8.66669 1.02053 3.4)
(1.2536 -6.65184 3.4)
(0.236847 7.05946 3.4)
(-14.8997 7.23815 3.4)
(-14.86 -7.09972 3.4)
(14.7891 -7.27906 3.4)
(15.3979 7.90531 3.4)
(-6.76367 -9.26099 3.4)
(17.1792 0.547756 3.4)
(7.61925 9.65984 3.4)
(-7.2369 9.46382 3.4)
(-17.3161 -5.96047e-07 3.4)
(7.76147 -10.1541 3.4)
(-0.425977 0.29972 3.4)
(-19.0459 11.5908 3.4)
(-18.7088 -11.2624 3.4)
(18.9735 -11.3069 3.4)
(6.40959 -4.36057 3.4)
(-1.58539 -11.774 3.4)
(19.3727 11.8222 3.4)
(-11.5948 -11.8809 3.4)
(-3.95623 -4.43203 3.4)
(-2.29405 11.8999 3.4)
(19.5652 -4.76744 3.4)
(-19.6218 -5.18035 3.4)
(-19.6819 4.86111 3.4)
(-12.1395 12.0748 3.4)
(-4.7717 4.642 3.4)
(-12.4046 -2.33894 3.4)
(20.1214 4.83591 3.4)
(5.14844 4.92985 3.4)
(-10.0698 4.67951 3.4)
(12.6676 -12.1748 3.4)
(12.4396 12.1561 3.4)
(3.04106 12.1538 3.4)
(12.6705 -2.49566 3.4)
(10.8394 5.62359 3.4)
(3.39704 -12.4831 3.4)
(4.26132 -0.332715 3.4)
(-8.78609 -5.29492 3.4)
(10.4017 -6.38715 3.4)
(12.7378 2.09328 3.4)
(-14.0733 2.92871 3.4)
(-5.52667 -13.3211 3.4)
(21.1358 -0.759116 3.4)
(-6.0508 13.5407 3.4)
(-15.541 -13.4786 3.4)
(-20.6786 -1.14517 3.4)
(7.89384 13.9471 3.4)
(-15.7262 13.6504 3.4)
(21.1886 8.46265 3.4)
(15.9337 13.7146 3.4)
(-3.02634 -8.15154 3.4)
(1.80448 3.7523 3.4)
(-10.8718 -8.2294 3.4)
(21.2717 -8.4234 3.4)
(-21.3186 8.2175 3.4)
(-21.2155 -8.3716 3.4)
(9.33967 -13.9696 3.4)
(-3.2194 8.02669 3.4)
(-10.8415 8.22637 3.4)
(-16.1067 -3.32913 3.4)
(4.7059 -7.77239 3.4)
(3.73704 8.56206 3.4)
(16.1498 4.10469 3.4)
(15.4685 -13.9241 3.4)
(1.58756 -3.04149 3.4)
(16.5695 -3.26092 3.4)
(-4.18115 0.905109 3.4)
(-11.1409 0.973282 3.4)
(-21.5923 -14.0925 3.4)
(-21.7574 14.3368 3.4)
(21.718 -14.2581 3.4)
(-8.92689 -14.1113 3.4)
(9.24079 -2.42346 3.4)
(12.2142 8.88101 3.4)
(-9.36186 14.2442 3.4)
(0.242515 14.1453 3.4)
(15.5295 -10.3646 3.4)
(21.8797 14.4403 3.4)
(-17.852 -8.18507 3.4)
(-17.9238 8.09232 3.4)
(-21.4555 2.41336 3.4)
(1.18404 -9.97046 3.4)
(22.0245 2.11345 3.4)
(0.502449 -14.4051 3.4)
(-1.7065 3.46434 3.4)
(17.7857 -7.72745 3.4)
(-15.0942 10.1997 3.4)
(6.02748 -14.4045 3.4)
(0.635346 10.2312 3.4)
(-14.4695 -10.4394 3.4)
(-7.39593 6.57195 3.4)
(12.1465 -9.04145 3.4)
(8.17182 4.05905 3.4)
(-7.43428 2.95049 3.4)
(-16.5852 4.74351 3.4)
(-18.4082 -14.3833 3.4)
(-1.42937 -2.79298 3.4)
(-12.3333 -5.38936 3.4)
(16.5543 10.728 3.4)
(5.16207 14.5596 3.4)
(-2.8371 -14.506 3.4)
(-14.2863 -0.0366343 3.4)
(18.3231 7.52434 3.4)
(-6.76775 -3.07424 3.4)
(-18.6498 14.5845 3.4)
(22.0902 -11.1775 3.4)
(-22.0972 11.1763 3.4)
(-22.2842 -10.9129 3.4)
(-9.46348 -2.18865 3.4)
(7.43993 -7.19549 3.4)
(5.85806 2.21118 3.4)
(3.59567 -5.08672 3.4)
(22.1648 11.1703 3.4)
(-6.16257 -6.2636 3.4)
(-12.5178 -14.6848 3.4)
(10.709 14.6269 3.4)
(-3.45084 14.5948 3.4)
(-8.70337 -11.1521 3.4)
(6.97365 6.877 3.4)
(18.8009 14.6643 3.4)
(22.1806 -3.56852 3.4)
(-4.29788 -10.7178 3.4)
(-22.1977 -3.59146 3.4)
(18.7526 -14.6826 3.4)
(13.5543 5.73794 3.4)
(5.87713 11.6721 3.4)
(-12.8663 14.7607 3.4)
(-1.43859 -5.65628 3.4)
(-9.44823 11.3146 3.4)
(11.6574 -14.7822 3.4)
(-4.48255 11.115 3.4)
(6.62164 -1.01596 3.4)
(-22.253 5.82813 3.4)
(-4.17066 -1.29722 3.4)
(12.8867 -5.26045 3.4)
(-12.7667 5.38938 3.4)
(22.3669 4.89806 3.4)
(-19.4128 2.05563 3.4)
(18.8622 1.87367 3.4)
(11.2396 -0.165737 3.4)
(9.70033 11.4915 3.4)
(14.0806 -0.850747 3.4)
(13.2661 14.9145 3.4)
(-18.9158 -2.35911 3.4)
(11.056 2.60837 3.4)
(5.12887 -10.4271 3.4)
(2.7825 5.76642 3.4)
(18.6558 -2.80508 3.4)
(-2.66784 6.27255 3.4)
(10.2874 -10.9607 3.4)
(22.3767 -5.94882 3.4)
(9.65409 7.94058 3.4)
(-22.3608 -5.94678 3.4)
(-17.8836 -6.11631 3.4)
(1.77076 0.997159 3.4)
(3.22264 -15.4266 3.4)
(4.43353 -2.7375 3.4)
(14.1163 10.6677 3.4)
(16.9327 -5.62567 3.4)
(-8.61636 -7.75931 3.4)
(2.76189 15.3133 3.4)
(-16.4808 2.24724 3.4)
(14.0529 -15.2504 3.4)
(-0.77169 -8.68661 3.4)
(7.11016 -12.3177 3.4)
(15.6931 1.98885 3.4)
(9.67761 -8.67659 3.4)
(-16.755 -10.6964 3.4)
(8.73597 -4.72318 3.4)
(-13.0069 9.15782 3.4)
(-6.90086 -15.1785 3.4)
(10.9456 -4.0375 3.4)
(3.70465 2.36599 3.4)
(-1.38257 8.81362 3.4)
(-11.7894 3.15889 3.4)
(19.2342 9.50386 3.4)
(-7.70513 15.3626 3.4)
(23.0672 6.80452 3.4)
(-5.75788 7.93219 3.4)
(22.6071 0.315259 3.4)
(-12.3661 -9.83364 3.4)
(-16.7174 11.7703 3.4)
(-22.7893 0.64091 3.4)
(-6.75429 -11.4012 3.4)
(7.8604 -15.5387 3.4)
(-10.5526 -15.4589 3.4)
(2.67032 -8.47043 3.4)
(-0.0424155 4.88761 3.4)
(-10.5947 -4.0613 3.4)
(-15.8253 -15.5807 3.4)
(0.412366 -12.2458 3.4)
(-9.49104 2.58524 3.4)
(-7.51524 12.0568 3.4)
(0.00981659 -4.57953 3.4)
(5.96926 8.57969 3.4)
(-14.2116 -5.25644 3.4)
(-8.64631 8.06342 3.4)
(-19.5492 7.06123 3.4)
(-19.5349 -7.37116 3.4)
(-4.56638 -15.4977 3.4)
(-11.0442 15.3303 3.4)
(-1.8157 15.6834 3.4)
(12.4921 3.90653 3.4)
(17.7355 5.47236 3.4)
(-14.5076 -2.15333 3.4)
(19.2431 0.140688 3.4)
(-20.0467 -15.5832 3.4)
(-19.3998 0.156826 3.4)
(2.56007 10.173 3.4)
(6.93471 15.4173 3.4)
(13.4698 -10.5342 3.4)
(19.3283 -9.21034 3.4)
(-0.0904667 2.16032 3.4)
(-10.5844 -6.28053 3.4)
(23.4172 -8.91603 3.4)
(-23.0862 -15.6002 3.4)
(-23.0339 15.5446 3.4)
(-5.34084 2.75429 3.4)
(-23.411 8.85255 3.4)
(-23.1446 -9.09898 3.4)
(19.7159 -6.93203 3.4)
(14.6416 -12.1112 3.4)
(-5.29487 15.454 3.4)
(-14.2178 -12.3909 3.4)
(23.0171 -15.5223 3.4)
(-22.9544 3.90648 3.4)
(-15.9438 15.6801 3.4)
(14.9137 -5.10971 3.4)
(1.32813 11.9723 3.4)
(22.9842 -1.70431 3.4)
(-17.3502 -12.709 3.4)
(-3.46776 -12.594 3.4)
(23.0144 9.33419 3.4)
(14.3593 12.4162 3.4)
(-5.75488 -0.0592521 3.4)
(-14.356 12.3112 3.4)
(-19.548 -9.53678 3.4)
(-19.363 9.31156 3.4)
(16.9184 -12.1768 3.4)
(-0.999715 -15.4708 3.4)
(-5.25462 -8.20119 3.4)
(15.9535 15.5884 3.4)
(-4.05963 -6.41121 3.4)
(-22.9825 -1.64467 3.4)
(-2.04612 1.55255 3.4)
(-23.1364 12.7633 3.4)
(-23.1323 -12.6464 3.4)
(23.1353 -12.7586 3.4)
(0.985498 -1.07245 3.4)
(-20.0779 15.682 3.4)
(-11.1937 6.06196 3.4)
(20.9767 6.4645 3.4)
(-16.6981 6.74581 3.4)
(9.82794 -15.785 3.4)
(23.1951 12.7093 3.4)
(1.6283 8.2742 3.4)
(3.11248 -10.4377 3.4)
(8.92402 15.51 3.4)
(17.4044 12.4298 3.4)
(-1.98582 -9.83546 3.4)
(-12.7639 -7.30319 3.4)
(4.54392 10.4424 3.4)
(-10.9893 -1.08385 3.4)
(20.0233 15.7446 3.4)
(-13.0066 1.34121 3.4)
(-16.1538 8.51659 3.4)
(16.0836 -15.783 3.4)
(12.1928 -7.04464 3.4)
(-11.2812 10.4663 3.4)
(-14.4934 4.65838 3.4)
(-4.02714 12.8018 3.4)
(-2.40514 -0.282405 3.4)
(-9.39901 -9.2684 3.4)
(-16.0366 -8.87887 3.4)
(-16.5026 -1.63668 3.4)
(20.3807 -15.4171 3.4)
(-2.80881 10.0212 3.4)
(7.76382 11.779 3.4)
(4.93451 6.75182 3.4)
(-4.25011 6.37327 3.4)
(5.52647 -6.19903 3.4)
(10.8439 -12.8099 3.4)
(15.9617 -1.1385 3.4)
(-18.0476 -3.99605 3.4)
(6.17357 -8.80115 3.4)
(23.0886 15.5904 3.4)
(10.5044 9.81208 3.4)
(17.1075 9.00279 3.4)
(14.6372 -2.77532 3.4)
(16.0594 -8.58747 3.4)
(8.6613 6.03181 3.4)
(1.72062 -15.8006 3.4)
(15.9201 6.0479 3.4)
(17.5036 -9.97209 3.4)
(13.5296 7.57613 3.4)
(-19.6455 -13.2604 3.4)
(14.3496 2.97663 3.4)
(-9.38154 0.0125156 3.4)
(17.207 2.5709 3.4)
(5.40806 -12.4954 3.4)
(3.09694 -1.26325 3.4)
(23.3991 3.16558 3.4)
(-1.15605 -13.5972 3.4)
(-5.63681 -4.59545 3.4)
(-21.0914 12.388 3.4)
(20.6856 -12.3398 3.4)
(-3.48889 2.93127 3.4)
(17.885 -4.28694 3.4)
(7.50896 -2.63341 3.4)
(-6.54971 4.69692 3.4)
(-13.7898 -15.9562 3.4)
(-20.378 -3.23889 3.4)
(-13.0341 7.25544 3.4)
(-10.9209 -13.6497 3.4)
(11.9898 15.9485 3.4)
(20.3843 -3.17274 3.4)
(3.5329 4.15424 3.4)
(-18.2528 3.48804 3.4)
(-9.361 6.34674 3.4)
(-17.383 9.91354 3.4)
(-1.81183 13.4991 3.4)
(-7.52247 -13.0645 3.4)
(-11.1242 13.5693 3.4)
(21.1208 12.5024 3.4)
(9.7681 -0.425838 3.4)
(10.9823 -1.89619 3.4)
(-14.0992 -8.71096 3.4)
(-8.57564 -15.7739 3.4)
(-18.1152 5.832 3.4)
(-10.4846 -10.4839 3.4)
(-6.53051 1.45482 3.4)
(7.06519 0.816833 3.4)
(-21.1496 4.40041 3.4)
(11.8855 7.01333 3.4)
(4.16298 15.9588 3.4)
(8.81672 -11.9153 3.4)
(23.4774 -4.72205 3.4)
(-8.32131 4.58799 3.4)
(-23.4923 -4.74408 3.4)
(7.54908 2.45929 3.4)
(-13.2224 -3.8841 3.4)
(-13.1756 10.8419 3.4)
(-7.93106 13.582 3.4)
(-15.6667 -11.9429 3.4)
(1.08571 15.7627 3.4)
(11.8094 10.7045 3.4)
(10.9539 12.7995 3.4)
(-12.7226 -0.54971 3.4)
(-23.4483 7.05399 3.4)
(2.27736 -13.7779 3.4)
(6.4544 3.70765 3.4)
(20.7062 1.15737 3.4)
(-9.44747 15.8346 3.4)
(-9.37427 9.67078 3.4)
(-17.9002 13.196 3.4)
(13.6976 -13.6485 3.4)
(-0.549297 -10.5025 3.4)
(-13.9729 16.0041 3.4)
(18.3945 3.74235 3.4)
(20.3062 2.89601 3.4)
(-8.46109 -3.45927 3.4)
(13.964 -8.48338 3.4)
(-7.8357 -1.67282 3.4)
(-0.518776 12.0036 3.4)
(12.8258 0.258473 3.4)
(-20.7472 0.824313 3.4)
(2.02538 -5.05773 3.4)
(-3.05268 4.70619 3.4)
(-2.23239 -4.29942 3.4)
(6.08131 -16.2084 3.4)
(20.8349 10.12 3.4)
(3.3534 -6.75918 3.4)
(-17.9808 16.0587 3.4)
(-17.9223 -15.9678 3.4)
(6.34239 13.3548 3.4)
(-14.8736 1.62491 3.4)
(17.6698 -15.9628 3.4)
(-23.4398 2.55882 3.4)
(-5.04271 -2.97111 3.4)
(4.6691 12.7659 3.4)
(10.2756 1.17531 3.4)
(23.6227 -10.6825 3.4)
(-23.6259 10.6799 3.4)
(-23.7122 -10.8094 3.4)
(11.9262 -10.6881 3.4)
(18.5409 -13.0855 3.4)
(-8.0493 1.39469 3.4)
(-4.95618 9.53612 3.4)
(17.8174 15.9495 3.4)
(-20.7386 -11.7431 3.4)
(0.129343 -2.269 3.4)
(10.0527 4.18296 3.4)
(2.02875 13.6911 3.4)
(21.2773 -5.08875 3.4)
(20.084 13.8827 3.4)
(20.7251 -10.3512 3.4)
(-21.5232 -4.92307 3.4)
(-12.172 -16.22 3.4)
(15.4555 9.44671 3.4)
(6.22508 10.2526 3.4)
(18.4359 -5.93359 3.4)
(12.4671 13.8234 3.4)
(-16.5225 -7.08181 3.4)
(7.58729 -13.8217 3.4)
(13.5189 -3.83267 3.4)
(18.0461 10.7607 3.4)
(3.1145 -3.55417 3.4)
(23.6969 10.7646 3.4)
(0.90617 -8.28451 3.4)
(-3.87163 16.1677 3.4)
(-19.8775 13.7003 3.4)
(-20.708 10.5586 3.4)
(-21.1596 -9.94788 3.4)
(4.08372 -9.23256 3.4)
(4.93969 3.47378 3.4)
(6.72402 5.39286 3.4)
(5.19933 -1.32661 3.4)
(-5.85306 6.18741 3.4)
(14.4442 16.0199 3.4)
(23.3195 -7.07675 3.4)
(23.679 -3.11828 3.4)
(15.6736 11.9913 3.4)
(-7.5763 -6.29921 3.4)
(-6.90983 -7.60191 3.4)
(-23.2906 -7.08803 3.4)
(12.5454 -16.1187 3.4)
(-2.45344 -16.0383 3.4)
(2.0767 -11.6515 3.4)
(-16.91 -14.331 3.4)
(0.0832505 8.70088 3.4)
(-2.00298 -6.96903 3.4)
(7.42979 -5.74974 3.4)
(8.02113 8.19323 3.4)
(20.0155 -13.9566 3.4)
(-17.0712 14.549 3.4)
(8.20526 -8.60046 3.4)
(8.9941 -7.0493 3.4)
(19.876 7.60233 3.4)
(-15.4988 3.48664 3.4)
(-23.6993 -3.15145 3.4)
(4.87068 -4.21232 3.4)
(17.8736 -1.29142 3.4)
(5.15042 0.528408 3.4)
(-20.722 5.99727 3.4)
(-21.1324 -6.74402 3.4)
(-3.31815 -3.02768 3.4)
(16.8968 7.19054 3.4)
(-0.987693 -1.31919 3.4)
(10.3348 16.1161 3.4)
(-1.2096 6.94843 3.4)
(-9.50101 -12.541 3.4)
(-12.4655 16.0727 3.4)
(-21.5685 -16.0882 3.4)
(-15.7421 -0.145179 3.4)
(6.47263 -10.8832 3.4)
(-15.9803 -5.1291 3.4)
(1.23536 5.92857 3.4)
(-7.25926 8.00784 3.4)
(-23.6546 5.25693 3.4)
(-10.863 -2.41819 3.4)
(9.29531 2.58425 3.4)
(22.1158 -9.78231 3.4)
(-22.2321 9.89697 3.4)
(19.4065 6.37989 3.4)
(-5.86681 -16.419 3.4)
(-4.09948 -13.9797 3.4)
(9.32414 13.359 3.4)
(-18.0311 1.54974 3.4)
(0.318922 -16.1713 3.4)
(-5.49762 -10.1799 3.4)
(-5.24547 -11.7813 3.4)
(21.7457 16.1871 3.4)
(11.0684 -8.01251 3.4)
(5.65195 16.1871 3.4)
(-3.9515 -9.41106 3.4)
(-14.0652 -14.2099 3.4)
(17.4435 14.2581 3.4)
(-1.0476 10.2784 3.4)
(-21.6854 16.1548 3.4)
(4.51865 -16.0988 3.4)
(5.84062 -2.71439 3.4)
(-8.07944 -9.94007 3.4)
(-10.6317 12.0932 3.4)
(23.6816 14.2505 3.4)
(15.6702 0.432312 3.4)
(14.2262 1.1498 3.4)
(23.8115 4.9018 3.4)
(4.14187 -14.1144 3.4)
(21.3958 -6.79087 3.4)
(-5.66145 12.0344 3.4)
(-2.85594 -11.0258 3.4)
(-12.6441 -13.0458 3.4)
(-19.9905 3.44371 3.4)
(2.83896 7.3238 3.4)
(-0.394 -6.67363 3.4)
(14.1427 8.89538 3.4)
(3.63764 14.0737 3.4)
(16.0961 -6.86587 3.4)
(18.6211 13.4114 3.4)
(-13.0071 13.2983 3.4)
(23.6851 -14.2074 3.4)
(11.6067 -5.68243 3.4)
(-23.6866 14.2071 3.4)
(-23.6866 -14.2071 3.4)
(-9.24592 12.7802 3.4)
(-6.16347 -1.51738 3.4)
(8.14523 -0.776883 3.4)
(8.99278 10.1013 3.4)
(-11.768 4.64311 3.4)
(-12.9782 4.15569 3.4)
(3.47238 0.71431 3.4)
(21.7702 -16.203 3.4)
(10.7908 -9.5994 3.4)
(-14.4344 14.3953 3.4)
(17.2916 -14.4848 3.4)
(23.638 1.49681 3.4)
(-15.3972 5.9364 3.4)
(12.2564 5.33353 3.4)
(-18.0342 -9.76664 3.4)
(-6.34075 10.8101 3.4)
(-4.73221 14.1295 3.4)
(11.627 1.19394 3.4)
(13.561 -6.53228 3.4)
(14.4523 14.1353 3.4)
(-0.256144 16.2724 3.4)
(-18.4318 -0.902095 3.4)
(9.25654 -9.98443 3.4)
(-1.73581 5.25583 3.4)
(-13.0585 -11.5181 3.4)
(19.8014 -1.69978 3.4)
(12.3598 -1.02997 3.4)
(-7.23177 -4.83112 3.4)
(14.7535 4.77267 3.4)
(19.0879 -16.0798 3.4)
(21.4362 -2.2636 3.4)
(-2.48878 -1.81902 3.4)
(24.0043 -16.5195 3.4)
(-24 16.5278 3.4)
(-24.0154 -16.5358 3.4)
(-14.557 8.65144 3.4)
(-14.7491 -3.84176 3.4)
(14.649 6.62059 3.4)
(21.6436 3.5818 3.4)
(-8.13775 10.6569 3.4)
(-14.047 6.07959 3.4)
(-2.73797 -5.55359 3.4)
(-17.6009 -2.44461 3.4)
(-21.5592 -2.40505 3.4)
(2 17.5 4.2)
(-24 17.5 4.2)
(24 17.5 4.2)
(22 17.5 4.2)
(18 17.5 4.2)
(16 17.5 4.2)
(14 17.5 4.2)
(12 17.5 4.2)
(10 17.5 4.2)
(8 17.5 4.2)
(6 17.5 4.2)
(4 17.5 4.2)
(0 17.5 4.2)
(-2 17.5 4.2)
(-4 17.5 4.2)
(-6 17.5 4.2)
(-8 17.5 4.2)
(-10 17.5 4.2)
(-12 17.5 4.2)
(-14 17.5 4.2)
(-16 17.5 4.2)
(-18 17.5 4.2)
(-20 17.5 4.2)
(-22 17.5 4.2)
(20 17.5 4.2)
(-6.41947 9.12182 28.9356)
(8.97639 -2.01725 19.3388)
(11.7984 14.2265 8.77761)
(14.3206 -5.20434 8.48169)
(-11.3011 3.69069 9.08402)
(-10.1406 -12.9327 8.79407)
(-0.0448665 15.0393 8.92186)
(10.8453 3.14842 9.38867)
(6.75305 -13.9343 8.79011)
(-20.8384 -23.9133 -33.4758)
(21.267 -26.7733 -27.3956)
(-5.68322 27.9085 -19.4314)
(-11.836 -4.65478 8.47593)
(-2.06437 -8.03624 9.30604)
(22.3801 52.5429 5.88529)
(-26.2797 -29.9472 8.86981)
(35.241 23.2641 -22.8841)
(-38.1829 37.7501 -3.60674)
(27.4998 -47.8388 8.74548)
(-5.75885 8.70649 8.01977)
(7.00637 10.9835 7.77792)
(-2.81247 -1.01221 -14.2035)
(-26.0343 3.17091 -9.26443)
(43.9833 -26.667 3.72363)
(46.0469 1.63218 16.4335)
(-35.1326 -16.633 10.1661)
(-49.7926 8.70713 5.83025)
(1.37812 -19.423 1.42536)
(-2.3594 22.1097 4.20798)
(4.90792 -9.17705 7.80606)
(6.64962 3.54033 7.37026)
(1.45909 5.6882 7.34475)
(22.5811 13.2668 10.6345)
(-26.1711 -16.2562 -5.72841)
(25.4886 -6.47755 -3.34864)
(-27.5701 20.0243 19.8471)
(3.90038 13.2849 -5.06154)
(-18.479 -15.554 10.7588)
(20.8042 -20.2113 12.5816)
(-7.18459 4.62903 7.31423)
(14.0721 -25.2288 -1.3038)
(12.8002 25.0461 5.14999)
(-10.3204 -23.9636 0.36822)
(-16.8701 22.3327 3.27421)
(6.19681 -12.2385 -0.95399)
(-11.153 14.0439 -0.674043)
(-18.1091 -3.25404 -0.00643227)
(34.2709 -7.47557 3.65329)
(-34.2557 -1.41803 5.31115)
(21.5586 14.2181 -1.91787)
(11.6091 -0.969079 -0.513554)
(22.3801 1.51489 9.32811)
(-21.0136 1.52841 8.98088)
(31.8167 24.6662 4.59702)
(-6.92507 -12.9467 -0.681345)
(-1.5613 -19.459 9.65619)
(-29.9301 18.3195 4.42544)
(0.00901551 -0.904746 -0.665698)
(28.9811 12.3465 4.01819)
(-21.8543 13.6786 -0.735702)
(-12.398 14.1387 9.24838)
(7.93181 -20.3957 5.16593)
(2.60574 19.2551 1.87889)
(22.0471 -18.765 1.88275)
(-5.01874 -19.9361 5.78285)
(27.5062 -12.0794 6.56422)
(-22.0654 19.1473 6.65222)
(51.3546 -49.3279 -57.8496)
(-47.49 -49.9497 -59.0804)
(-54.4829 52.4952 -51.834)
(55.7852 54.2533 -55.1345)
(3.97777 -54.7569 45.1411)
(-37.9059 -6.34186 39.822)
(44.9826 -5.2066 49.5402)
(12.7513 45.4918 51.3922)
(-43.0589 -49.1221 -14.4595)
(-59.892 57.743 -2.21821)
(58.3967 -56.7523 6.70075)
(56.7673 57.2159 -12.3548)
(-5.72596 -6.23111 5.62085)
(3.86471 6.35193 6.34576)
(-0.707617 -6.36742 5.7329)
(6.18825 3.1281 5.62144)
(7.1885 -0.844346 6.68444)
(0.325587 5.95458 5.62308)
(-7.1221 1.94428 5.7649)
(-7.47001 -3.41296 5.70674)
(2.12662 -6.78537 6.22303)
(-6.26195 6.02551 5.79203)
(-9.10275 20.4784 4.06919)
(-21.7704 -18.4442 3.25593)
(21.7443 -12.5902 1.10898)
(22.3392 20.6561 4.33795)
(-28.55 3.01258 4.39322)
(-65.9941 65.8611 -65.7722)
(65.3722 -65.2186 -65.1235)
(-60.6102 -65.2117 -62.3355)
(17.4928 51.7029 -48.4325)
(54.3104 -55.5562 54.4785)
(57.8144 -59.506 -36.4063)
(48.7277 48.2999 43.4591)
(-57.0078 -21.2185 -56.1477)
(6.95123 -57.8478 -53.9492)
(59.4844 6.62763 -53.3496)
(-54.9997 55.879 40.6735)
(5.9802 6.04252 6.06929)
(-3.90161 6.53054 5.61271)
(2.00971 5.71778 5.58328)
(-53.252 -52.5154 51.4133)
(66.2557 65.7804 -66.0535)
(-2.54883 -6.50152 5.84188)
(6.92477 -3.63414 6.09532)
(-1.72954 6.50214 6.14378)
(6.04034 4.206 5.67134)
(-6.36833 3.96751 5.7301)
(4.20889 -6.33539 6.01398)
(6.11693 1.46798 5.65446)
(-7.99268 -1.22448 6.04619)
(16.4418 -13.5057 0.0904495)
(-21.7874 -16.1885 0.201855)
(22.3728 15.65 6.84733)
(-15.037 5.14813 0.041264)
(28.636 0.506883 3.67643)
(16.5394 19.2733 6.2513)
(-25.5838 1.42399 4.23951)
(61.5561 55.7541 61.232)
(-46.0603 12.7545 -53.6599)
(6.91595 -6.07173 6.64407)
(-25.0459 47.8902 48.205)
(19.6551 -5.87083 -0.0744532)
(20.9827 4.42407 -0.217211)
(-22.3836 -9.35011 0.48424)
(22.9214 11.1655 6.10795)
(-22.5393 10.7752 8.69833)
(13.7582 12.5573 0.512637)
(-22.5094 -13.222 7.74061)
(-18.4614 -21.4994 3.8664)
(21.7785 -12.7516 8.17916)
(-27.6032 11.7249 4.20905)
(-26.5595 -11.7477 4.56455)
(-42.5035 61.7174 59.0286)
(57.0846 21.1188 55.2827)
(-59.1284 -57.7782 -41.0572)
(6.51922 7.71576 0.157494)
(-57.4792 30.5529 57.2255)
(-26.2294 -14.5199 4.88398)
(-4.13771 13.6509 0.92886)
(-28.3264 -13.5817 7.38402)
(-59.7374 59.6922 62.9947)
(-28.6959 -10.7585 3.06494)
(27.3067 -19.883 2.77939)
(-22.1989 1.99487 0.18948)
(-12.9349 -19.1691 6.70568)
(0.287845 8.69804 0.589799)
(14.953 -14.0213 8.05975)
(16.2076 -20.5882 4.78857)
(9.43836 19.8623 2.93146)
(17.0044 2.73951 7.00566)
(19.4018 14.5638 1.51362)
(-26.7019 -4.85793 2.28367)
(-16.2065 -10.1881 1.18861)
(-19.3871 -6.31521 7.56584)
(-9.7892 -19.9365 4.00251)
(-7.92323 -4.35184 -0.134875)
(15.0694 7.32825 7.82063)
(-2.72269 3.74699 9.12609)
(28.0897 -5.8087 5.13892)
(6.0393 15.2278 0.509208)
(-23.4181 5.75439 0.17397)
(-5.67778 8.10299 0.856307)
(-15.2901 -13.4711 1.71465)
(1.16186 0.0573748 8.30328)
(13.5394 6.74482 0.84332)
(4.01425 -4.68497 8.6194)
(21.0893 9.35974 7.69538)
(26.303 5.85828 3.21503)
(25.7671 -16.6113 4.19574)
(-0.641214 -14.7438 7.99068)
(-15.6218 -17.8783 1.45145)
(-16.7065 5.50496 7.22861)
(24.356 -5.92481 6.60683)
(13.0739 -14.2498 2.38281)
(-6.94094 3.11 -0.716463)
(8.13036 -6.8415 0.708621)
(-24.2293 -6.65617 8.08367)
(-5.33292 -3.34038 7.57172)
(6.48992 -1.74127 8.87751)
)


// ************************************************************************* //
