/*--------------------------------*- C++ -*----------------------------------*\
| =========                 |                                                 |
| \\      /  F ield         | OpenFOAM: The Open Source CFD Toolbox           |
|  \\    /   O peration     | Version:  2412                                  |
|   \\  /    A nd           | Website:  www.openfoam.com                      |
|    \\/     M anipulation  |                                                 |
\*---------------------------------------------------------------------------*/
FoamFile
{
    version     2.0;
    format      ascii;
    arch        "LSB;label=32;scalar=64";
    class       faceList;
    location    "constant/polyMesh";
    object      faces;
}
// * * * * * * * * * * * * * * * * * * * * * * * * * * * * * * * * * * * * * //


2206
(
3(118 258 252)
3(258 249 252)
3(118 249 258)
3(118 252 249)
3(291 130 135)
3(130 243 135)
3(291 243 130)
3(291 135 243)
3(106 101 245)
3(101 113 245)
3(106 245 113)
3(164 159 246)
3(159 171 246)
3(164 246 171)
3(77 72 244)
3(84 244 72)
3(84 77 244)
3(225 217 247)
3(229 247 217)
3(229 225 247)
3(291 187 243)
3(269 291 243)
3(269 243 187)
3(269 187 291)
3(185 193 244)
3(197 185 244)
3(197 244 193)
3(186 194 245)
3(186 245 198)
3(194 198 245)
3(188 196 246)
3(188 246 200)
3(196 200 246)
3(222 214 248)
3(226 222 248)
3(226 248 214)
3(224 216 249)
3(228 249 216)
3(228 224 249)
3(215 250 223)
3(215 227 250)
3(227 223 250)
3(107 100 243)
3(110 243 100)
3(110 107 243)
3(165 157 244)
3(157 168 244)
3(165 244 168)
3(136 129 246)
3(129 139 246)
3(136 246 139)
3(78 71 245)
3(81 245 71)
3(81 78 245)
3(166 158 247)
3(174 247 158)
3(174 166 247)
3(138 127 247)
3(127 144 247)
3(138 247 144)
3(294 248 173)
3(294 156 248)
3(156 173 248)
3(294 173 156)
3(80 69 250)
3(86 80 250)
3(86 250 69)
3(79 70 248)
3(87 248 70)
3(87 79 248)
3(137 128 249)
3(128 145 249)
3(137 249 145)
3(116 108 250)
3(99 250 108)
3(99 116 250)
3(109 98 249)
3(109 249 115)
3(98 115 249)
3(291 130 142)
3(291 142 135)
3(113 271 245)
3(113 304 271)
3(113 245 304)
3(304 245 271)
3(300 38 210)
3(300 210 3)
3(300 3 38)
3(300 307 210)
3(300 38 307)
3(210 307 38)
3(119 252 258)
3(258 252 250)
3(119 258 250)
3(119 250 252)
3(118 258 119)
3(118 119 252)
3(118 258 103)
3(258 119 103)
3(253 254 259)
3(253 244 254)
3(253 259 244)
3(254 244 259)
3(260 251 252)
3(255 260 252)
3(255 252 251)
3(255 251 260)
3(242 246 254)
3(242 254 256)
3(242 256 246)
3(256 254 246)
3(295 284 249)
3(284 224 249)
3(295 224 284)
3(295 249 224)
3(245 251 252)
3(245 260 251)
3(245 252 260)
3(246 253 254)
3(246 254 259)
3(246 259 253)
3(27 194 297)
3(285 194 27)
3(285 297 194)
3(285 27 297)
3(255 250 252)
3(255 260 250)
3(260 252 250)
3(253 244 251)
3(253 251 254)
3(254 251 244)
3(87 273 248)
3(87 294 273)
3(87 248 294)
3(294 248 273)
3(173 294 283)
3(173 283 248)
3(294 248 283)
3(143 138 247)
3(274 143 247)
3(274 138 143)
3(274 247 138)
3(109 249 114)
3(272 114 249)
3(109 114 272)
3(109 272 249)
3(85 80 250)
3(85 250 275)
3(85 275 80)
3(80 275 250)
3(205 254 265)
3(254 244 265)
3(205 244 254)
3(205 265 244)
3(139 301 276)
3(139 276 246)
3(301 246 276)
3(139 246 301)
3(297 27 210)
3(297 210 194)
3(299 277 244)
3(82 244 277)
3(299 82 277)
3(299 244 82)
3(81 297 278)
3(81 278 245)
3(297 245 278)
3(81 245 297)
3(109 284 249)
3(109 295 284)
3(109 249 295)
3(144 296 286)
3(144 286 247)
3(144 247 296)
3(296 247 286)
3(79 248 83)
3(287 83 248)
3(79 83 287)
3(79 287 248)
3(305 282 247)
3(170 247 282)
3(305 170 282)
3(305 247 170)
3(306 280 249)
3(141 249 280)
3(306 141 280)
3(306 249 141)
3(250 29 281)
3(112 250 281)
3(112 29 250)
3(112 281 29)
3(80 288 250)
3(80 292 288)
3(80 250 292)
3(288 292 250)
3(291 130 256)
3(291 256 142)
3(130 142 256)
3(245 113 257)
3(271 257 113)
3(271 245 257)
3(246 171 259)
3(64 259 171)
3(64 171 246)
3(64 246 259)
3(252 254 251)
3(251 254 245)
3(252 245 254)
3(242 253 254)
3(242 246 253)
3(242 243 256)
3(256 243 254)
3(242 254 243)
3(285 26 27)
3(285 194 26)
3(303 181 52)
3(303 6 181)
3(303 52 6)
3(296 181 52)
3(303 181 296)
3(303 296 52)
3(232 225 247)
3(296 225 232)
3(296 247 225)
3(296 232 247)
3(234 267 255)
3(248 255 267)
3(234 255 248)
3(234 248 267)
3(293 136 301)
3(48 293 301)
3(48 136 293)
3(48 301 136)
3(225 296 46)
3(47 296 225)
3(47 46 296)
3(287 294 222)
3(222 294 14)
3(287 14 294)
3(287 222 14)
3(287 248 222)
3(287 294 248)
3(222 248 294)
3(14 13 294)
3(222 294 13)
3(255 252 258)
3(255 249 252)
3(255 258 249)
3(255 250 258)
3(147 266 242)
3(247 242 266)
3(147 242 247)
3(147 247 266)
3(165 244 268)
3(165 268 290)
3(165 290 244)
3(268 244 290)
3(233 214 248)
3(233 248 222)
3(268 185 193)
3(268 244 185)
3(268 193 244)
3(156 248 172)
3(294 156 172)
3(294 172 248)
3(143 127 247)
3(114 98 249)
3(85 69 250)
3(269 243 289)
3(107 243 269)
3(107 269 289)
3(107 289 243)
3(248 87 263)
3(273 263 87)
3(273 248 263)
3(143 247 261)
3(143 261 274)
3(247 274 261)
3(85 250 260)
3(85 260 275)
3(250 275 260)
3(114 249 262)
3(114 262 272)
3(249 272 262)
3(291 54 195)
3(291 195 53)
3(291 53 54)
3(113 304 39)
3(113 39 271)
3(304 271 39)
3(297 27 300)
3(210 300 27)
3(297 300 210)
3(291 256 243)
3(291 187 256)
3(187 243 256)
3(243 110 279)
3(243 279 34)
3(243 34 110)
3(110 34 279)
3(301 276 49)
3(139 301 49)
3(139 49 276)
3(299 277 168)
3(168 277 244)
3(299 168 244)
3(297 278 19)
3(81 297 19)
3(81 19 278)
3(287 248 226)
3(287 226 222)
3(306 228 249)
3(228 280 249)
3(306 280 228)
3(250 29 227)
3(250 227 281)
3(227 29 281)
3(305 229 247)
3(229 282 247)
3(305 282 229)
3(294 283 61)
3(173 294 61)
3(173 61 283)
3(296 274 174)
3(296 247 274)
3(174 274 247)
3(296 174 247)
3(144 296 46)
3(144 46 286)
3(296 286 46)
3(87 294 11)
3(87 11 273)
3(294 273 11)
3(288 250 86)
3(80 288 86)
3(275 108 250)
3(275 250 116)
3(275 116 108)
3(284 249 115)
3(109 284 115)
3(295 249 272)
3(145 272 249)
3(295 145 249)
3(295 272 145)
3(129 270 136)
3(129 246 270)
3(270 246 136)
3(71 285 78)
3(71 245 285)
3(285 245 78)
3(82 72 244)
3(77 82 244)
3(140 130 243)
3(140 243 135)
3(111 101 245)
3(111 245 106)
3(169 159 246)
3(169 246 164)
3(269 291 289)
3(291 243 289)
3(284 216 249)
3(284 224 216)
3(185 265 197)
3(185 244 265)
3(244 197 265)
3(226 267 214)
3(248 214 267)
3(226 248 267)
3(144 247 266)
3(144 266 127)
3(247 127 266)
3(270 188 196)
3(270 246 188)
3(270 196 246)
3(269 100 243)
3(269 107 100)
3(232 217 247)
3(268 157 244)
3(268 165 157)
3(71 285 88)
3(285 78 88)
3(129 270 146)
3(270 136 146)
3(201 194 245)
3(201 245 186)
3(215 250 230)
3(223 230 250)
3(170 158 247)
3(166 170 247)
3(83 70 248)
3(112 99 250)
3(108 112 250)
3(141 128 249)
3(141 249 137)
3(115 258 249)
3(284 249 258)
3(115 284 258)
3(110 262 243)
3(110 279 262)
3(279 243 262)
3(246 139 261)
3(276 261 139)
3(276 246 261)
3(245 81 260)
3(278 260 81)
3(278 245 260)
3(82 244 263)
3(277 82 263)
3(277 263 244)
3(248 173 264)
3(283 248 264)
3(283 264 173)
3(130 256 243)
3(245 101 257)
3(113 257 101)
3(187 256 199)
3(291 187 199)
3(291 199 256)
3(246 159 259)
3(171 259 159)
3(188 246 259)
3(188 259 200)
3(246 200 259)
3(245 71 260)
3(81 260 71)
3(243 100 262)
3(110 262 100)
3(244 157 263)
3(168 263 157)
3(168 244 263)
3(186 245 257)
3(186 257 198)
3(245 198 257)
3(246 129 261)
3(139 261 129)
3(248 70 263)
3(87 263 70)
3(250 99 260)
3(116 260 99)
3(116 250 260)
3(249 128 262)
3(145 262 128)
3(145 249 262)
3(158 261 247)
3(158 174 261)
3(174 247 261)
3(112 250 258)
3(281 112 258)
3(281 258 250)
3(258 103 249)
3(118 249 103)
3(217 264 247)
3(217 229 264)
3(229 247 264)
3(170 247 264)
3(170 264 282)
3(247 282 264)
3(286 266 144)
3(286 247 266)
3(83 248 267)
3(83 267 287)
3(248 287 267)
3(141 249 266)
3(141 266 280)
3(249 280 266)
3(86 267 250)
3(86 288 267)
3(288 250 267)
3(255 252 242)
3(251 242 252)
3(251 255 242)
3(72 265 244)
3(84 244 265)
3(72 84 265)
3(249 216 266)
3(228 266 216)
3(228 249 266)
3(250 69 267)
3(86 267 69)
3(250 215 258)
3(227 258 215)
3(227 250 258)
3(248 156 264)
3(173 264 156)
3(255 267 250)
3(255 260 267)
3(260 250 267)
3(115 249 103)
3(98 103 249)
3(242 262 252)
3(242 252 249)
3(242 249 262)
3(262 249 252)
3(242 262 243)
3(262 252 243)
3(242 243 252)
3(265 205 206)
3(265 206 254)
3(206 205 254)
3(235 255 267)
3(235 267 250)
3(235 250 255)
3(42 269 289)
3(42 289 107)
3(42 107 269)
3(270 188 203)
3(270 203 196)
3(67 268 290)
3(67 290 165)
3(67 165 268)
3(285 194 245)
3(285 245 201)
3(285 201 194)
3(265 190 206)
3(265 205 190)
3(253 251 263)
3(248 251 253)
3(248 253 263)
3(248 263 251)
3(253 244 263)
3(251 263 244)
3(248 264 176)
3(253 176 264)
3(248 176 253)
3(248 253 264)
3(179 268 244)
3(179 244 259)
3(268 259 244)
3(179 259 268)
3(294 182 298)
3(294 298 12)
3(298 182 12)
3(294 12 182)
3(255 249 242)
3(115 258 103)
3(254 251 242)
3(252 254 242)
3(285 297 245)
3(194 245 297)
3(297 93 300)
3(297 27 93)
3(300 93 27)
3(253 251 242)
3(254 251 265)
3(244 265 251)
3(254 245 265)
3(251 265 245)
3(269 100 257)
3(100 243 257)
3(269 257 243)
3(129 270 256)
3(129 256 146)
3(270 146 256)
3(238 298 13)
3(222 298 238)
3(222 13 298)
3(251 255 248)
3(253 255 251)
3(253 248 255)
3(119 112 250)
3(119 258 112)
3(267 235 234)
3(234 235 255)
3(27 3 300)
3(300 125 38)
3(300 3 125)
3(301 293 246)
3(136 246 293)
3(136 301 246)
3(290 77 299)
3(290 244 77)
3(290 299 244)
3(299 77 244)
3(269 195 289)
3(269 291 195)
3(291 289 195)
3(152 302 37)
3(295 302 152)
3(295 37 302)
3(295 152 37)
3(296 46 232)
3(302 37 4)
3(302 4 152)
3(298 13 1)
3(298 1 238)
3(92 245 265)
3(245 71 265)
3(92 71 245)
3(92 265 71)
3(267 260 251)
3(260 89 251)
3(267 89 260)
3(267 251 89)
3(243 149 242)
3(243 256 149)
3(242 149 256)
3(71 285 265)
3(285 88 265)
3(71 265 88)
3(98 118 249)
3(208 246 254)
3(208 259 246)
3(208 254 259)
3(244 179 253)
3(244 263 179)
3(253 179 263)
3(156 176 248)
3(156 264 176)
3(266 242 148)
3(266 148 147)
3(147 148 242)
3(206 245 265)
3(206 254 245)
3(247 177 170)
3(247 264 177)
3(170 177 264)
3(267 235 219)
3(267 219 234)
3(251 255 267)
3(251 267 248)
3(235 230 250)
3(235 267 230)
3(250 230 267)
3(201 206 245)
3(201 265 206)
3(201 245 265)
3(141 249 148)
3(148 249 266)
3(141 148 266)
3(250 260 119)
3(252 119 260)
3(150 242 246)
3(246 242 261)
3(150 246 261)
3(150 261 242)
3(250 258 235)
3(255 235 258)
3(186 206 245)
3(148 128 249)
3(235 215 250)
3(99 250 119)
3(247 177 158)
3(253 255 242)
3(92 245 251)
3(92 251 265)
3(242 249 266)
3(148 249 242)
3(248 264 234)
3(248 234 233)
3(233 234 264)
3(248 233 264)
3(268 185 204)
3(268 204 193)
3(69 250 260)
3(69 260 85)
3(247 147 143)
3(247 261 147)
3(143 147 261)
3(249 262 118)
3(249 118 114)
3(114 118 262)
3(248 263 176)
3(248 176 172)
3(172 176 263)
3(248 172 263)
3(150 256 246)
3(150 242 256)
3(216 249 258)
3(284 216 258)
3(269 187 202)
3(269 202 195)
3(269 195 187)
3(243 262 149)
3(243 149 140)
3(140 149 262)
3(243 140 262)
3(245 120 111)
3(245 260 120)
3(111 120 260)
3(245 111 260)
3(246 178 169)
3(246 261 178)
3(169 178 261)
3(246 169 261)
3(244 91 82)
3(244 263 91)
3(82 91 263)
3(261 253 242)
3(261 246 253)
3(266 242 255)
3(266 255 249)
3(57 7 293)
3(57 293 212)
3(7 212 293)
3(188 203 256)
3(270 188 256)
3(270 256 203)
3(129 246 256)
3(270 256 246)
3(100 257 117)
3(269 117 257)
3(269 100 117)
3(179 157 244)
3(179 268 157)
3(285 265 245)
3(247 237 232)
3(247 266 237)
3(232 237 266)
3(247 232 266)
3(248 267 90)
3(248 90 83)
3(83 90 267)
3(7 183 293)
3(7 293 63)
3(63 293 183)
3(258 112 103)
3(119 252 97)
3(118 97 252)
3(149 242 262)
3(179 253 259)
3(208 246 256)
3(208 256 254)
3(5 289 53)
3(53 289 154)
3(5 154 289)
3(177 264 253)
3(177 253 176)
3(177 176 264)
3(149 242 150)
3(149 126 242)
3(126 150 242)
3(176 253 263)
3(244 259 205)
3(254 205 259)
3(106 297 304)
3(106 304 245)
3(304 297 245)
3(106 245 297)
3(255 253 264)
3(248 255 264)
3(242 255 247)
3(266 247 255)
3(207 256 243)
3(207 243 254)
3(207 254 256)
3(246 259 178)
3(246 178 253)
3(253 178 259)
3(148 249 262)
3(148 262 242)
3(243 262 121)
3(243 121 252)
3(252 121 262)
3(206 245 257)
3(206 257 186)
3(119 99 260)
3(177 261 247)
3(177 158 261)
3(90 263 248)
3(90 248 70)
3(90 70 263)
3(128 262 148)
3(121 243 100)
3(121 100 262)
3(92 260 251)
3(92 245 260)
3(129 150 246)
3(129 261 150)
3(157 263 179)
3(208 188 246)
3(208 259 188)
3(118 252 262)
3(207 187 243)
3(207 256 187)
3(130 149 243)
3(130 256 149)
3(159 178 246)
3(159 259 178)
3(245 120 257)
3(101 120 245)
3(101 257 120)
3(177 247 253)
3(253 247 264)
3(190 185 265)
3(190 265 197)
3(214 219 267)
3(226 267 219)
3(132 144 266)
3(132 266 127)
3(258 216 266)
3(249 258 266)
3(254 245 257)
3(206 254 257)
3(248 90 251)
3(251 90 263)
3(247 253 261)
3(253 177 261)
3(120 252 245)
3(245 252 257)
3(120 257 252)
3(296 51 174)
3(296 274 51)
3(174 51 274)
3(242 253 247)
3(247 253 255)
3(296 166 52)
3(296 181 166)
3(261 247 242)
3(289 42 5)
3(289 211 42)
3(289 5 211)
3(32 224 295)
3(240 295 224)
3(32 295 240)
3(150 256 129)
3(188 256 208)
3(188 246 256)
3(121 243 257)
3(100 121 257)
3(179 268 175)
3(268 157 175)
3(243 207 257)
3(187 257 207)
3(187 243 257)
3(244 91 72)
3(255 247 264)
3(90 251 267)
3(295 306 152)
3(295 302 306)
3(306 302 152)
3(92 251 89)
3(92 68 251)
3(68 89 251)
3(155 176 253)
3(176 179 253)
3(155 253 179)
3(205 184 254)
3(205 254 208)
3(184 208 254)
3(149 256 150)
3(296 51 166)
3(296 166 174)
3(266 148 132)
3(266 132 147)
3(120 252 260)
3(243 252 254)
3(303 181 308)
3(303 308 296)
3(296 308 181)
3(247 237 217)
3(247 147 127)
3(267 260 69)
3(268 205 244)
3(268 259 205)
3(155 177 253)
3(184 254 206)
3(243 254 257)
3(207 257 254)
3(91 244 251)
3(91 251 263)
3(178 253 261)
3(252 243 257)
3(121 252 257)
3(161 264 176)
3(161 156 264)
3(120 119 252)
3(97 120 252)
3(91 244 265)
3(91 265 251)
3(72 265 91)
3(147 242 261)
3(236 266 258)
3(236 258 216)
3(236 216 266)
3(92 260 89)
3(176 179 263)
3(205 259 208)
3(235 215 258)
3(92 71 260)
3(237 264 247)
3(237 217 264)
3(234 255 264)
3(141 132 266)
3(219 267 230)
3(201 265 190)
3(260 69 89)
3(267 89 69)
3(119 260 120)
3(248 234 214)
3(294 62 298)
3(298 62 182)
3(294 182 62)
3(169 301 276)
3(169 49 301)
3(169 276 49)
3(177 161 264)
3(213 235 255)
3(213 255 234)
3(148 242 149)
3(148 126 242)
3(178 253 179)
3(178 155 253)
3(207 208 254)
3(207 254 184)
3(148 262 149)
3(178 259 179)
3(208 256 207)
3(254 252 257)
3(231 281 284)
3(231 284 258)
3(231 258 281)
3(281 258 284)
3(147 150 242)
3(147 242 126)
3(150 261 147)
3(237 247 255)
3(237 255 266)
3(237 264 255)
3(24 265 84)
3(24 84 244)
3(24 244 265)
3(236 255 258)
3(236 266 255)
3(255 266 258)
3(303 296 153)
3(296 52 153)
3(303 153 52)
3(118 252 121)
3(118 121 262)
3(89 90 251)
3(89 267 90)
3(207 206 254)
3(207 257 206)
3(178 253 177)
3(178 177 261)
3(90 91 251)
3(90 263 91)
3(120 121 252)
3(120 257 121)
3(161 173 264)
3(121 97 252)
3(281 112 103)
3(281 103 258)
3(281 284 30)
3(231 281 30)
3(231 30 284)
3(286 132 266)
3(280 266 132)
3(280 286 266)
3(280 132 286)
3(236 255 235)
3(236 235 258)
3(91 92 251)
3(91 265 92)
3(48 164 301)
3(293 301 164)
3(293 164 48)
3(290 23 209)
3(290 209 0)
3(290 0 23)
3(209 290 193)
3(290 23 193)
3(241 47 296)
3(241 296 225)
3(202 257 207)
3(202 187 257)
3(208 203 256)
3(146 150 256)
3(117 121 257)
3(268 175 259)
3(179 259 175)
3(236 255 213)
3(301 48 49)
3(301 49 164)
3(308 305 296)
3(308 166 305)
3(166 296 305)
3(308 296 166)
3(79 298 294)
3(79 294 13)
3(79 13 298)
3(298 13 294)
3(152 137 306)
3(295 306 137)
3(295 137 152)
3(297 307 106)
3(307 304 106)
3(297 304 307)
3(290 299 8)
3(165 8 299)
3(290 8 165)
3(290 165 299)
3(164 293 246)
3(301 164 246)
3(169 301 246)
3(169 246 276)
3(91 251 68)
3(90 68 251)
3(85 89 260)
3(125 297 18)
3(125 300 297)
3(297 300 18)
3(125 18 300)
3(292 123 2)
3(292 28 123)
3(292 2 28)
3(125 297 106)
3(297 18 106)
3(205 244 185)
3(268 205 185)
3(132 144 286)
3(267 219 288)
3(267 288 287)
3(267 287 219)
3(287 288 219)
3(86 288 74)
3(86 74 267)
3(74 288 267)
3(24 265 25)
3(265 84 25)
3(25 88 265)
3(25 285 88)
3(25 265 285)
3(255 236 237)
3(237 236 266)
3(88 265 76)
3(25 76 265)
3(206 257 191)
3(186 191 257)
3(119 104 260)
3(104 99 260)
3(148 133 262)
3(128 262 133)
3(90 75 263)
3(75 70 263)
3(177 162 261)
3(162 158 261)
3(73 71 260)
3(92 73 260)
3(157 263 160)
3(179 160 263)
3(102 100 262)
3(121 102 262)
3(131 129 261)
3(131 261 150)
3(188 189 259)
3(208 259 189)
3(207 256 192)
3(187 192 256)
3(149 134 256)
3(130 256 134)
3(120 105 257)
3(101 257 105)
3(163 259 178)
3(163 159 259)
3(170 161 264)
3(132 280 141)
3(237 213 255)
3(234 237 255)
3(125 297 307)
3(125 307 106)
3(34 289 135)
3(34 243 289)
3(34 135 243)
3(289 243 135)
3(113 40 257)
3(113 271 40)
3(257 40 271)
3(65 259 64)
3(259 200 64)
3(65 200 259)
3(286 221 266)
3(221 232 266)
3(286 266 232)
3(286 232 221)
3(283 264 218)
3(283 282 264)
3(282 218 264)
3(283 218 282)
3(293 183 48)
3(293 164 183)
3(288 267 230)
3(288 230 219)
3(260 104 278)
3(260 278 275)
3(260 275 104)
3(275 278 104)
3(261 162 276)
3(261 276 274)
3(261 274 162)
3(274 276 162)
3(279 272 262)
3(145 262 272)
3(145 279 262)
3(145 272 279)
3(273 263 75)
3(87 75 263)
3(273 75 87)
3(74 287 83)
3(74 267 287)
3(74 83 267)
3(104 260 120)
3(178 162 261)
3(207 257 191)
3(149 133 262)
3(75 263 91)
3(208 256 192)
3(134 256 150)
3(121 105 257)
3(163 259 179)
3(110 102 262)
3(102 279 262)
3(110 279 102)
3(277 263 75)
3(277 273 263)
3(277 75 273)
3(73 260 81)
3(73 81 278)
3(73 278 260)
3(131 261 139)
3(131 139 276)
3(131 276 261)
3(175 259 65)
3(175 65 268)
3(268 65 259)
3(297 307 300)
3(125 300 307)
3(117 257 40)
3(117 40 269)
3(269 40 257)
3(55 146 256)
3(270 146 55)
3(270 55 256)
3(204 189 259)
3(204 259 65)
3(189 65 259)
3(215 220 258)
3(227 258 220)
3(236 258 231)
3(216 231 258)
3(191 257 202)
3(191 40 257)
3(40 202 257)
3(218 233 264)
3(283 264 233)
3(283 233 218)
3(134 146 256)
3(55 134 256)
3(203 192 256)
3(203 256 55)
3(192 55 256)
3(40 105 257)
3(117 257 105)
3(175 259 163)
3(65 163 259)
3(73 275 85)
3(73 260 275)
3(73 85 260)
3(131 274 143)
3(131 261 274)
3(131 143 261)
3(279 114 262)
3(279 272 114)
3(273 160 263)
3(160 172 263)
3(273 263 172)
3(273 172 160)
3(290 67 0)
3(290 209 67)
3(113 105 257)
3(243 140 34)
3(243 279 140)
3(34 140 279)
3(55 142 291)
3(55 256 142)
3(55 291 256)
3(17 239 292)
3(17 292 2)
3(2 292 239)
3(88 92 265)
3(161 282 170)
3(161 264 282)
3(65 259 171)
3(199 192 256)
3(134 142 256)
3(171 259 163)
3(191 257 198)
3(104 116 260)
3(162 174 261)
3(133 145 262)
3(189 259 200)
3(168 263 160)
3(21 292 108)
3(21 22 292)
3(22 108 292)
3(237 264 234)
3(104 111 260)
3(278 260 111)
3(278 111 104)
3(162 169 261)
3(276 261 169)
3(276 169 162)
3(133 140 262)
3(279 133 262)
3(279 262 140)
3(279 140 133)
3(75 277 82)
3(75 82 263)
3(307 106 38)
3(307 38 125)
3(34 289 33)
3(289 135 33)
3(233 294 283)
3(233 61 294)
3(233 283 61)
3(222 62 294)
3(62 61 294)
3(222 294 61)
3(233 294 248)
3(233 248 283)
3(290 77 8)
3(8 77 299)
3(239 292 223)
3(292 17 223)
3(241 58 303)
3(58 6 303)
3(241 303 6)
3(308 58 303)
3(308 241 58)
3(308 303 241)
3(79 298 12)
3(79 12 294)
3(240 306 302)
3(240 302 43)
3(306 43 302)
3(240 43 306)
3(29 250 223)
3(29 292 250)
3(29 223 292)
3(292 223 250)
3(303 47 296)
3(303 296 241)
3(303 241 47)
3(160 263 176)
3(89 73 260)
3(147 131 261)
3(118 102 262)
3(189 205 259)
3(32 295 124)
3(32 124 302)
3(32 302 295)
3(302 124 295)
3(57 151 293)
3(151 7 293)
3(293 63 196)
3(293 196 212)
3(293 212 63)
3(289 195 211)
3(289 211 53)
3(289 53 195)
3(58 303 181)
3(308 58 181)
3(292 223 28)
3(292 28 239)
3(289 42 122)
3(289 122 5)
3(279 114 102)
3(114 262 102)
3(10 87 273)
3(10 273 75)
3(274 143 50)
3(131 274 50)
3(275 85 20)
3(73 275 20)
3(292 250 108)
3(29 108 250)
3(29 292 108)
3(47 296 153)
3(303 47 153)
3(298 222 62)
3(294 222 298)
3(290 8 96)
3(290 96 0)
3(290 0 8)
3(50 139 276)
3(50 276 131)
3(277 82 10)
3(75 277 10)
3(20 81 278)
3(20 278 73)
3(102 35 279)
3(110 279 35)
3(280 141 45)
3(132 280 45)
3(225 305 308)
3(58 225 308)
3(58 308 305)
3(58 305 225)
3(282 170 60)
3(161 282 60)
3(221 266 216)
3(221 228 266)
3(72 76 265)
3(76 84 265)
3(296 308 225)
3(296 225 305)
3(217 218 264)
3(218 229 264)
3(30 115 284)
3(30 281 115)
3(115 281 284)
3(18 297 93)
3(18 93 300)
3(277 273 160)
3(277 160 263)
3(279 114 35)
3(276 274 131)
3(278 275 73)
3(286 45 144)
3(286 132 45)
3(287 83 15)
3(74 287 15)
3(288 15 86)
3(74 15 288)
3(237 218 264)
3(308 225 241)
3(296 308 241)
3(111 297 278)
3(111 19 297)
3(111 278 19)
3(19 297 18)
3(19 106 297)
3(277 273 10)
3(273 160 10)
3(277 10 160)
3(275 108 292)
3(275 292 250)
3(69 74 267)
3(29 28 292)
3(283 60 173)
3(283 173 161)
3(283 161 60)
3(281 30 220)
3(231 281 220)
3(280 286 221)
3(280 221 266)
3(280 45 221)
3(280 286 45)
3(286 221 45)
3(112 30 281)
3(281 30 103)
3(283 161 264)
3(283 282 161)
3(288 287 74)
3(275 21 292)
3(275 108 21)
3(205 259 204)
3(236 221 266)
3(91 76 265)
3(111 297 245)
3(111 245 278)
3(89 74 267)
3(79 298 94)
3(298 12 94)
3(292 22 2)
3(292 123 22)
3(292 28 108)
3(292 108 123)
3(1 12 298)
3(1 298 182)
3(136 293 151)
3(48 151 293)
3(48 293 7)
3(290 77 96)
3(235 220 258)
3(218 264 234)
3(220 236 258)
3(231 220 258)
3(165 268 175)
3(268 66 175)
3(165 66 268)
3(142 54 291)
3(54 135 291)
3(246 64 164)
3(77 244 24)
3(304 39 106)
3(113 304 106)
3(221 237 266)
3(76 92 265)
3(107 269 117)
3(269 41 117)
3(107 41 269)
3(270 56 146)
3(270 136 56)
3(285 26 88)
3(285 78 26)
3(143 274 51)
3(51 274 138)
3(294 11 79)
3(87 294 79)
3(275 21 85)
3(275 80 21)
3(294 61 167)
3(173 294 167)
3(272 36 114)
3(109 36 272)
3(74 90 267)
3(297 19 78)
3(81 297 78)
3(243 34 107)
3(299 9 277)
3(299 82 9)
3(82 277 9)
3(301 49 136)
3(139 301 136)
3(284 115 31)
3(109 284 31)
3(296 46 138)
3(144 296 138)
3(305 170 59)
3(170 282 59)
3(305 59 282)
3(83 287 14)
3(79 14 287)
3(306 141 44)
3(141 280 44)
3(306 44 280)
3(80 288 16)
3(288 86 16)
3(270 293 136)
3(270 246 293)
3(285 297 78)
3(297 245 78)
3(80 16 292)
3(80 292 17)
3(16 17 292)
3(57 293 136)
3(270 57 136)
3(270 293 57)
3(42 195 289)
3(42 269 195)
3(11 12 294)
3(268 290 193)
3(67 268 193)
3(67 193 290)
3(295 109 37)
3(295 36 109)
3(295 37 36)
3(138 52 296)
3(51 296 52)
3(51 138 296)
3(47 138 296)
3(22 292 80)
3(21 80 292)
3(27 297 78)
3(285 27 78)
3(294 62 167)
3(284 32 295)
3(32 109 295)
3(284 109 32)
3(293 64 164)
3(293 246 64)
3(9 77 299)
3(9 299 8)
3(290 24 77)
3(290 244 24)
3(53 135 289)
3(291 53 289)
3(291 289 135)
3(291 135 53)
3(18 78 297)
3(38 106 304)
3(38 304 39)
3(289 33 107)
3(34 289 107)
3(166 305 59)
3(166 58 305)
3(305 58 59)
3(44 137 306)
3(43 306 137)
3(44 306 43)
3(294 14 79)
3(240 306 295)
3(240 295 302)
3(299 9 168)
3(168 9 277)
3(291 199 195)
3(291 54 199)
3(299 82 77)
3(299 9 165)
3(299 165 168)
3(294 248 79)
3(287 294 79)
3(305 170 166)
3(306 141 137)
3(4 302 43)
3(4 240 302)
3(296 247 138)
3(274 296 138)
3(288 16 292)
3(275 292 80)
3(272 295 109)
3(294 167 172)
3(294 156 167)
3(284 32 224)
3(298 94 13)
3(138 153 296)
3(306 295 224)
3(240 306 224)
3(292 80 95)
3(22 292 95)
3(109 124 295)
3(37 295 124)
3(95 292 17)
3(289 122 107)
3(289 33 122)
3(43 306 152)
3(308 166 58)
3(296 305 247)
3(166 296 247)
3(166 247 305)
3(78 297 93)
3(304 38 307)
3(293 64 63)
3(293 63 164)
3(297 307 210)
3(23 96 290)
3(23 290 77)
3(180 290 165)
3(180 67 290)
3(1 94 298)
3(95 2 292)
3(124 4 302)
3(124 302 37)
3(302 32 4)
3(6 303 47)
3(6 153 303)
3(194 307 304)
3(194 304 38)
3(194 38 307)
3(43 152 302)
3(33 5 289)
3(3 300 93)
3(194 297 304)
3(194 307 297)
3(18 3 300)
3(135 154 289)
3(33 289 154)
3(290 180 8)
3(290 0 180)
3(306 249 224)
3(306 295 249)
3(306 228 224)
3(268 66 65)
3(41 40 269)
3(55 270 56)
3(26 25 285)
3(283 60 61)
3(21 20 275)
3(272 36 35)
3(272 35 114)
3(51 50 274)
3(11 273 10)
3(30 31 284)
3(10 277 9)
3(49 276 50)
3(34 279 35)
3(20 19 278)
3(46 286 45)
3(16 288 15)
3(59 60 282)
3(14 15 287)
3(281 29 30)
3(45 280 44)
3(24 265 197)
3(265 25 197)
3(40 39 271)
3(55 54 291)
3(306 44 224)
3(306 228 44)
3(43 224 306)
3(305 247 225)
3(305 229 225)
3(127 147 266)
3(267 234 214)
3(265 205 185)
3(308 166 181)
3(257 198 40)
3(257 198 271)
3(40 271 198)
3(16 288 230)
3(15 230 288)
3(268 205 204)
3(268 259 204)
3(268 65 204)
3(268 204 66)
3(268 66 193)
3(269 187 257)
3(269 257 202)
3(269 40 202)
3(269 202 41)
3(269 41 195)
3(270 57 56)
3(203 270 55)
3(270 203 56)
3(270 56 196)
3(198 245 271)
3(304 198 271)
3(304 245 198)
3(293 64 196)
3(288 230 223)
3(288 223 16)
3(198 271 39)
3(304 198 39)
3(305 59 225)
3(305 229 59)
3(24 197 244)
3(24 244 193)
3(304 194 245)
3(55 256 199)
3(194 307 210)
3(200 64 246)
3(165 299 244)
3(64 246 196)
3(57 293 196)
3(272 295 36)
3(145 279 133)
3(145 279 35)
3(279 133 35)
3(295 137 249)
3(295 145 137)
3(145 35 272)
3(145 272 36)
3(172 248 273)
3(294 172 273)
3(273 172 10)
3(172 273 11)
3(294 172 11)
3(274 261 174)
3(162 174 274)
3(174 274 50)
3(162 50 274)
3(275 260 116)
3(275 104 116)
3(20 116 275)
3(20 275 104)
3(275 116 21)
3(169 301 164)
3(50 276 162)
3(50 274 276)
3(276 169 50)
3(168 277 263)
3(168 277 160)
3(10 168 277)
3(111 297 106)
3(20 278 104)
3(20 275 278)
3(278 111 20)
3(279 35 272)
3(279 140 35)
3(284 31 32)
3(306 249 137)
3(280 266 228)
3(221 228 280)
3(228 280 45)
3(228 44 280)
3(284 31 224)
3(227 281 258)
3(227 281 220)
3(220 281 258)
3(227 281 30)
3(293 246 196)
3(282 264 229)
3(218 229 282)
3(229 282 60)
3(218 60 282)
3(229 59 282)
3(233 294 222)
3(283 233 60)
3(283 60 218)
3(284 216 231)
3(284 224 231)
3(281 115 103)
3(31 231 284)
3(285 265 201)
3(201 25 265)
3(201 285 25)
3(25 265 190)
3(285 201 26)
3(232 247 286)
3(296 232 286)
3(286 232 45)
3(232 286 46)
3(287 267 226)
3(287 219 226)
3(226 287 15)
3(15 287 219)
3(287 226 14)
3(230 250 288)
3(223 288 250)
3(15 288 219)
3(15 287 288)
3(291 195 187)
3(42 269 41)
3(304 194 39)
3(304 198 194)
3(290 193 244)
3(67 268 66)
3(290 24 23)
3(290 24 193)
3(55 291 199)
3(281 115 258)
3(283 282 60)
3(62 238 298)
3(62 298 1)
3(292 223 288)
3(292 16 223)
3(240 302 32)
3(270 196 293)
3(270 57 196)
3(294 167 11)
3(294 182 167)
3(294 167 12)
3(137 36 295)
3(137 295 37)
3(295 145 36)
3(106 113 101)
3(164 171 159)
3(84 72 77)
3(229 217 225)
3(197 193 185)
3(186 198 194)
3(188 200 196)
3(226 214 222)
3(228 216 224)
3(215 223 227)
3(110 100 107)
3(165 168 157)
3(136 139 129)
3(81 71 78)
3(174 158 166)
3(138 144 127)
3(86 69 80)
3(87 70 79)
3(137 145 128)
3(99 108 116)
3(109 115 98)
3(130 135 142)
3(38 3 210)
3(118 103 119)
3(210 27 194)
3(27 26 194)
3(52 181 6)
3(47 225 46)
3(222 13 14)
3(233 222 214)
3(143 138 127)
3(114 109 98)
3(85 80 69)
3(53 195 54)
3(77 72 82)
3(140 135 130)
3(111 106 101)
3(169 164 159)
3(232 225 217)
3(71 88 78)
3(129 146 136)
3(201 186 194)
3(215 230 223)
3(166 158 170)
3(83 79 70)
3(108 99 112)
3(141 137 128)
3(115 103 98)
3(188 196 203)
3(205 206 190)
3(222 238 13)
3(27 210 3)
3(125 3 38)
3(232 46 225)
3(152 4 37)
3(238 1 13)
3(98 103 118)
3(235 234 219)
3(186 201 206)
3(141 128 148)
3(235 230 215)
3(99 119 112)
3(177 170 158)
3(185 193 204)
3(187 195 202)
3(57 212 7)
3(7 63 183)
3(119 103 112)
3(119 97 118)
3(5 53 154)
3(149 150 126)
3(190 197 185)
3(226 219 214)
3(132 127 144)
3(181 52 166)
3(42 211 5)
3(32 240 224)
3(179 175 157)
3(120 111 101)
3(149 140 130)
3(178 169 159)
3(91 82 72)
3(92 89 68)
3(155 179 176)
3(205 208 184)
3(174 166 51)
3(148 147 132)
3(237 232 217)
3(176 172 156)
3(147 143 127)
3(118 114 98)
3(155 176 177)
3(184 206 205)
3(161 176 156)
3(97 119 120)
3(90 83 70)
3(141 148 132)
3(219 230 235)
3(201 190 206)
3(234 233 214)
3(177 176 161)
3(213 234 235)
3(148 149 126)
3(178 179 155)
3(207 184 208)
3(147 126 150)
3(161 156 173)
3(121 118 97)
3(23 0 209)
3(209 193 23)
3(241 225 47)
3(202 207 187)
3(148 126 147)
3(188 203 208)
3(146 129 150)
3(100 121 117)
3(236 213 235)
3(48 164 49)
3(91 68 90)
3(178 155 177)
3(207 206 184)
3(120 121 97)
3(69 89 85)
3(28 2 123)
3(125 106 18)
3(91 92 68)
3(24 25 84)
3(89 90 68)
3(25 88 76)
3(206 191 186)
3(119 99 104)
3(128 133 148)
3(90 70 75)
3(177 158 162)
3(92 71 73)
3(157 160 179)
3(121 100 102)
3(131 150 129)
3(208 189 188)
3(207 192 187)
3(130 134 149)
3(101 105 120)
3(163 178 159)
3(177 161 170)
3(234 213 237)
3(65 64 200)
3(164 48 183)
3(104 120 119)
3(178 177 162)
3(207 191 206)
3(148 133 149)
3(75 91 90)
3(208 192 207)
3(134 150 149)
3(120 105 121)
3(163 179 178)
3(204 65 189)
3(227 220 215)
3(236 231 216)
3(191 202 40)
3(55 146 134)
3(203 55 192)
3(117 105 40)
3(175 163 65)
3(209 0 67)
3(113 40 105)
3(17 2 239)
3(88 71 92)
3(64 65 171)
3(199 187 192)
3(134 130 142)
3(113 105 101)
3(171 163 159)
3(191 198 186)
3(104 99 116)
3(158 174 162)
3(133 128 145)
3(87 75 70)
3(189 200 188)
3(73 71 81)
3(131 129 139)
3(110 102 100)
3(168 160 157)
3(236 237 213)
3(21 108 22)
3(38 106 125)
3(34 33 135)
3(222 61 62)
3(239 223 17)
3(241 6 58)
3(160 176 179)
3(92 73 89)
3(150 131 147)
3(118 121 102)
3(208 205 189)
3(57 7 151)
3(63 212 196)
3(53 211 195)
3(28 223 239)
3(29 227 223)
3(42 5 122)
3(10 75 87)
3(131 50 143)
3(73 20 85)
3(8 0 96)
3(50 131 139)
3(75 10 82)
3(20 73 81)
3(110 35 102)
3(132 45 141)
3(161 60 170)
3(221 216 228)
3(72 84 76)
3(217 229 218)
3(114 102 35)
3(132 144 45)
3(74 15 83)
3(74 86 15)
3(237 217 218)
3(19 18 106)
3(86 74 69)
3(29 223 28)
3(173 60 161)
3(231 220 30)
3(112 103 30)
3(121 105 117)
3(150 134 146)
3(175 179 163)
3(208 203 192)
3(120 104 111)
3(178 162 169)
3(149 133 140)
3(82 91 75)
3(207 202 191)
3(160 172 176)
3(89 73 85)
3(147 131 143)
3(118 102 114)
3(205 204 189)
3(216 221 236)
3(72 76 91)
3(69 74 89)
3(225 241 58)
3(79 94 12)
3(2 22 123)
3(28 123 108)
3(1 182 12)
3(48 136 151)
3(48 7 183)
3(77 8 96)
3(235 215 220)
3(218 234 237)
3(231 236 220)
3(165 175 66)
3(142 135 54)
3(64 171 164)
3(77 24 84)
3(113 106 39)
3(232 237 221)
3(88 92 76)
3(107 117 41)
3(146 56 136)
3(88 26 78)
3(233 234 218)
3(143 51 138)
3(87 79 11)
3(85 21 80)
3(173 167 61)
3(109 114 36)
3(83 90 74)
3(81 78 19)
3(34 110 107)
3(139 136 49)
3(109 31 115)
3(144 138 46)
3(83 14 79)
3(112 29 108)
3(80 16 86)
3(100 117 107)
3(157 175 165)
3(80 17 16)
3(79 12 11)
3(37 109 36)
3(51 52 138)
3(47 46 138)
3(21 22 80)
3(62 61 167)
3(9 8 77)
3(19 78 18)
3(38 39 106)
3(34 107 33)
3(136 48 49)
3(166 59 58)
3(29 28 108)
3(44 43 137)
3(14 13 79)
3(221 237 236)
3(91 76 92)
3(195 199 54)
3(82 9 77)
3(168 165 9)
3(170 59 166)
3(141 44 137)
3(4 43 240)
3(156 172 167)
3(74 90 89)
3(79 13 94)
3(138 52 153)
3(22 95 80)
3(37 124 109)
3(124 32 109)
3(95 17 80)
3(153 47 138)
3(220 236 235)
3(33 107 122)
3(42 122 107)
3(195 211 42)
3(43 152 137)
3(18 78 93)
3(9 165 8)
3(64 164 63)
3(23 77 96)
3(57 151 136)
3(78 27 93)
3(180 165 67)
3(1 12 94)
3(95 22 2)
3(124 37 4)
3(124 4 32)
3(6 47 153)
3(17 95 2)
3(4 152 43)
3(122 5 33)
3(51 166 52)
3(27 3 93)
3(96 0 23)
3(48 151 7)
3(93 3 18)
3(135 33 154)
3(180 0 8)
3(58 6 181)
3(8 165 180)
3(28 239 2)
3(66 175 65)
3(41 117 40)
3(146 55 56)
3(88 25 26)
3(173 61 60)
3(85 20 21)
3(36 114 35)
3(51 143 50)
3(11 10 87)
3(30 115 31)
3(10 9 82)
3(139 49 50)
3(34 35 110)
3(20 81 19)
3(144 46 45)
3(16 15 86)
3(59 170 60)
3(14 83 15)
3(29 112 30)
3(141 45 44)
3(5 211 53)
3(24 197 25)
3(40 113 39)
3(142 54 55)
3(53 135 154)
3(13 1 94)
3(228 224 44)
3(44 224 43)
3(240 43 224)
3(127 132 147)
3(234 214 219)
3(185 205 190)
3(166 58 181)
3(142 55 134)
3(40 198 191)
3(65 163 171)
3(16 230 15)
3(205 185 204)
3(193 66 204)
3(204 66 65)
3(202 195 41)
3(41 40 202)
3(57 136 56)
3(196 56 203)
3(55 203 56)
3(64 63 196)
3(230 16 223)
3(40 39 198)
3(229 225 59)
3(225 58 59)
3(25 76 84)
3(24 193 197)
3(55 199 192)
3(18 3 125)
3(65 200 189)
3(200 64 196)
3(57 196 212)
3(145 35 133)
3(145 36 35)
3(160 10 172)
3(11 172 10)
3(174 50 162)
3(51 50 174)
3(20 104 116)
3(108 21 116)
3(21 20 116)
3(162 50 169)
3(169 49 164)
3(49 169 50)
3(10 160 168)
3(10 168 9)
3(104 20 111)
3(111 19 106)
3(20 19 111)
3(140 34 135)
3(133 35 140)
3(32 31 109)
3(34 140 35)
3(228 45 221)
3(45 228 44)
3(32 224 31)
3(220 227 30)
3(227 29 30)
3(218 229 60)
3(59 60 229)
3(218 60 233)
3(233 61 222)
3(233 60 61)
3(216 231 224)
3(115 30 103)
3(31 224 231)
3(30 31 231)
3(27 78 26)
3(201 25 190)
3(194 26 201)
3(26 25 201)
3(221 45 232)
3(46 232 45)
3(226 15 219)
3(222 14 226)
3(14 15 226)
3(219 15 230)
3(42 41 195)
3(198 39 194)
3(38 194 39)
3(42 107 41)
3(194 38 210)
3(67 66 193)
3(0 180 67)
3(24 77 23)
3(67 165 66)
3(209 67 193)
3(187 199 195)
3(24 23 193)
3(55 54 199)
3(6 241 47)
3(7 212 63)
3(153 52 6)
3(197 190 25)
3(53 54 135)
3(62 1 238)
3(222 62 238)
3(63 164 183)
3(16 17 223)
3(240 32 4)
3(182 1 62)
3(57 56 196)
3(22 108 123)
3(172 11 167)
3(33 5 154)
3(182 62 167)
3(11 12 167)
3(156 167 173)
3(12 182 167)
3(137 37 36)
3(145 137 36)
3(152 37 137)
)


// ************************************************************************* //
