/*--------------------------------*- C++ -*----------------------------------*\
| =========                 |                                                 |
| \\      /  F ield         | OpenFOAM: The Open Source CFD Toolbox           |
|  \\    /   O peration     | Version:  2412                                  |
|   \\  /    A nd           | Website:  www.openfoam.com                      |
|    \\/     M anipulation  |                                                 |
\*---------------------------------------------------------------------------*/
FoamFile
{
    version     2.0;
    format      ascii;
    arch        "LSB;label=32;scalar=64";
    note        "nPoints:309  nCells:983  nFaces:2206  nInternalFaces:1726";
    class       labelList;
    location    "constant/polyMesh";
    object      neighbour;
}
// * * * * * * * * * * * * * * * * * * * * * * * * * * * * * * * * * * * * * //


1726
(
30
74
153
284
25
112
138
945
113
139
674
114
141
618
111
161
619
122
154
775
92
115
794
928
79
117
813
126
146
936
120
142
822
78
97
118
116
162
742
127
164
541
121
144
634
123
145
858
109
147
675
110
143
678
128
151
840
81
119
691
42
80
165
975
83
105
163
129
148
687
131
150
828
106
130
149
82
107
167
58
617
59
90
674
803
28
196
197
715
722
933
30
75
194
221
31
257
153
256
37
40
259
265
36
39
160
269
62
63
238
260
51
116
693
741
61
280
322
62
210
271
48
64
185
657
75
166
221
178
187
188
85
104
687
830
101
137
521
81
86
627
686
82
88
631
690
83
87
629
689
170
188
265
781
94
134
408
675
91
817
95
136
635
854
96
135
603
678
107
659
690
103
156
691
908
129
157
640
682
100
155
639
884
98
158
642
872
99
152
641
762
105
688
689
959
138
490
496
139
446
804
141
494
618
819
184
189
367
187
245
207
270
323
902
906
66
738
952
300
324
376
122
202
774
908
195
217
350
778
198
390
610
667
202
393
655
72
73
914
918
97
682
890
671
960
75
182
516
223
213
268
341
777
123
174
821
934
356
890
233
417
934
326
692
830
327
328
234
115
121
172
705
148
455
831
235
484
837
234
483
843
236
485
825
679
941
956
620
766
807
186
196
715
138
140
285
133
489
634
756
358
636
755
677
855
858
573
633
757
915
918
742
873
876
541
879
883
775
885
888
519
630
748
298
686
837
840
638
758
912
628
752
834
159
643
576
843
846
132
637
690
825
828
982
125
249
644
124
252
647
312
854
309
866
308
860
311
848
200
945
239
897
290
781
814
291
778
915
156
292
777
173
799
967
190
645
325
251
646
208
625
191
624
175
224
226
920
228
884
347
227
641
225
872
183
239
950
144
466
867
147
469
849
143
468
861
244
515
855
165
891
892
286
288
497
495
942
944
287
498
283
504
819
348
505
279
507
282
508
855
274
499
804
281
506
277
503
275
500
843
278
502
825
276
501
837
194
385
879
183
209
349
561
885
215
493
885
419
909
254
456
915
220
442
873
163
421
921
182
184
229
340
374
559
293
558
873
329
577
346
475
879
212
383
171
269
329
183
209
169
182
272
284
258
273
323
176
214
332
195
218
223
650
706
932
248
801
652
719
939
185
903
906
353
780
178
193
264
295
211
334
212
262
264
267
251
259
330
399
357
526
609
976
246
948
187
323
647
815
563
718
731
229
189
339
214
230
250
306
794
249
397
473
204
958
960
217
229
267
227
256
216
360
731
722
818
407
644
675
522
662
821
854
650
928
941
203
315
978
981
912
723
728
769
957
230
252
348
492
269
343
354
378
258
286
319
252
423
492
328
260
283
345
259
282
344
326
337
231
321
395
219
294
228
289
441
352
779
269
314
226
352
921
224
353
903
225
231
351
275
355
238
245
281
371
346
388
274
278
346
275
276
299
280
389
246
272
350
356
626
891
788
791
329
413
327
341
598
284
328
599
264
326
596
831
304
319
293
896
793
796
928
258
309
591
867
308
322
589
861
311
335
590
849
312
334
592
301
335
268
516
536
823
951
396
799
800
304
799
398
472
645
282
307
903
325
372
621
909
314
347
632
611
951
961
385
338
384
364
365
305
366
764
768
972
289
331
359
319
361
370
344
330
345
405
674
815
860
313
350
299
372
285
333
366
287
335
365
278
364
279
336
377
294
427
428
296
431
295
347
430
429
306
434
343
348
304
435
433
305
436
377
310
437
309
438
311
440
297
308
439
296
313
780
955
779
916
419
776
342
516
367
379
314
381
301
380
322
367
382
320
836
841
301
313
730
812
341
542
707
764
693
697
965
397
396
799
336
398
399
646
333
394
794
340
373
378
404
676
743
343
418
424
331
344
362
332
345
363
463
730
840
351
776
355
368
539
771
812
349
777
354
417
789
410
411
368
379
339
381
380
368
382
359
383
355
412
340
389
602
371
375
476
601
531
530
534
613
432
373
571
511
442
451
905
413
604
457
778
549
966
973
408
852
853
441
400
443
364
395
365
410
366
411
460
465
462
368
386
896
899
950
371
395
532
373
425
511
422
619
814
388
425
516
548
696
952
384
533
424
694
411
459
410
458
409
461
412
464
892
412
583
948
562
580
901
419
442
581
910
400
703
418
673
401
407
450
392
487
732
940
943
529
572
593
793
588
586
585
470
587
509
667
852
560
709
710
812
526
671
695
960
708
977
981
444
712
733
522
713
739
821
660
848
848
849
418
424
597
416
471
563
818
607
608
740
444
574
781
788
568
451
594
916
922
570
577
594
765
811
426
747
904
509
672
622
811
459
499
457
500
460
502
461
503
458
501
505
531
508
530
507
533
506
532
504
534
462
495
463
496
464
497
465
498
493
555
509
511
471
517
518
705
866
945
488
766
785
494
819
820
581
621
909
911
478
584
886
954
611
961
921
923
512
567
844
862
513
566
838
850
485
825
826
868
467
503
544
569
594
632
589
590
593
591
592
588
586
585
587
507
543
554
515
564
832
505
553
567
506
551
566
482
744
790
715
722
481
745
795
479
746
800
600
790
820
613
880
615
896
593
784
795
626
891
893
586
783
588
800
816
488
585
587
786
546
567
597
545
566
598
543
924
564
596
831
833
937
940
497
866
867
871
767
783
944
523
727
740
622
557
584
786
816
783
786
784
844
838
826
820
856
595
656
969
614
589
861
863
590
849
851
591
826
867
869
552
592
712
722
666
736
521
894
895
549
658
894
890
891
612
661
540
962
525
738
949
539
605
771
606
651
676
685
743
773
541
547
578
959
548
771
949
596
597
598
599
600
700
724
965
978
717
734
805
823
951
707
764
941
738
782
578
740
706
729
565
599
752
832
751
925
749
926
576
641
669
702
725
958
960
612
732
737
755
925
754
832
757
926
565
756
763
910
560
605
709
810
760
953
601
874
602
811
572
774
571
886
753
898
950
711
735
575
856
924
925
926
758
910
761
927
759
927
614
605
771
603
864
865
664
864
832
833
857
595
689
604
669
748
892
953
881
899
582
874
875
910
911
762
898
892
953
927
842
846
789
672
673
860
861
694
695
720
721
969
669
969
720
966
717
734
734
716
703
626
703
899
646
744
939
767
956
660
662
665
674
672
673
645
745
932
746
798
747
902
751
836
651
687
749
842
658
975
750
824
694
664
678
705
677
680
754
667
675
753
870
655
691
683
760
888
761
914
684
763
876
688
759
649
967
657
678
688
701
962
717
798
970
707
929
974
934
935
940
699
824
979
696
730
836
702
698
842
718
902
973
693
700
870
714
882
680
713
938
947
768
941
945
956
711
712
931
704
705
683
709
810
684
708
772
914
697
965
681
859
942
946
854
713
858
687
914
884
872
728
964
691
836
963
842
824
971
975
878
769
702
741
773
701
721
700
978
727
706
729
743
782
774
840
884
718
726
805
961
817
732
938
739
937
769
727
724
978
964
949
952
733
931
933
743
972
735
815
817
818
768
972
739
937
742
977
770
792
797
802
907
895
847
829
924
841
835
901
859
853
871
865
913
787
889
919
883
877
814
955
808
946
772
876
773
775
809
777
779
781
812
785
804
808
806
923
789
790
792
792
935
794
795
797
797
929
968
802
802
968
804
807
936
882
920
963
808
930
810
888
814
947
936
944
933
822
858
882
970
982
827
868
869
977
980
868
982
831
834
835
835
971
838
839
841
850
844
845
847
862
847
852
851
925
853
856
857
859
864
863
926
865
924
871
878
977
874
875
877
877
900
880
881
899
883
967
886
887
889
954
889
894
895
954
897
900
948
901
904
905
907
955
907
909
912
913
913
916
917
919
922
919
921
959
923
927
942
932
931
936
947
939
943
947
946
950
954
958
966
963
963
965
970
970
974
976
976
980
981
982
)


// ************************************************************************* //
