/*--------------------------------*- C++ -*----------------------------------*\
| =========                 |                                                 |
| \\      /  F ield         | OpenFOAM: The Open Source CFD Toolbox           |
|  \\    /   O peration     | Version:  2412                                  |
|   \\  /    A nd           | Website:  www.openfoam.com                      |
|    \\/     M anipulation  |                                                 |
\*---------------------------------------------------------------------------*/
FoamFile
{
    version     2.0;
    format      ascii;
    arch        "LSB;label=32;scalar=64";
    note        "nPoints:309  nCells:983  nFaces:2206  nInternalFaces:1726";
    class       labelList;
    location    "constant/polyMesh";
    object      owner;
}
// * * * * * * * * * * * * * * * * * * * * * * * * * * * * * * * * * * * * * //


2206
(
0
0
0
0
1
1
1
1
2
2
2
3
3
3
4
4
4
5
5
5
6
6
6
6
7
7
7
8
8
8
9
9
9
10
10
10
11
11
11
12
12
12
13
13
13
14
14
14
15
15
15
16
16
16
17
17
17
18
18
18
19
19
19
19
20
20
20
21
21
21
22
22
22
23
23
23
24
24
24
25
25
26
26
26
26
27
27
27
28
28
28
29
29
29
29
30
30
31
31
32
32
32
32
33
33
33
33
34
34
34
34
35
35
35
35
36
36
36
37
37
37
38
38
38
38
39
39
39
40
40
40
41
41
41
41
42
42
42
43
43
43
43
44
44
44
44
45
45
45
45
46
46
46
46
47
47
47
47
48
48
49
49
49
49
50
50
50
50
51
51
51
52
52
52
52
53
53
53
53
54
54
54
54
55
55
55
55
56
56
56
56
57
57
57
57
58
58
58
59
59
59
60
60
60
60
61
61
61
62
62
63
63
63
64
64
65
65
65
66
66
66
67
67
67
67
68
68
68
68
69
69
69
69
70
70
70
71
71
71
71
72
72
72
73
73
74
74
74
75
76
76
76
76
77
77
77
77
78
78
79
79
79
80
80
80
81
82
83
84
84
84
84
85
85
85
86
86
86
87
87
87
88
88
88
89
89
89
90
90
90
91
91
91
92
92
92
93
93
93
93
94
94
94
95
95
95
96
96
96
97
97
98
98
98
99
99
99
100
100
100
101
101
101
102
102
102
102
103
103
103
104
104
104
105
105
106
106
106
107
107
108
108
108
108
109
109
109
110
110
110
111
111
112
112
113
113
114
114
115
115
116
116
117
117
117
118
118
118
119
119
119
120
120
120
121
121
122
123
123
124
124
125
125
126
126
127
127
128
128
129
130
130
131
131
132
132
132
133
133
133
134
134
134
135
135
135
136
136
136
137
137
137
138
139
139
140
140
140
141
141
142
142
142
143
143
144
144
145
145
145
146
146
146
147
147
148
148
149
149
149
150
150
150
151
151
151
152
152
152
153
153
154
154
154
155
155
155
156
156
157
157
157
158
158
158
159
159
159
160
160
160
161
161
161
162
162
162
163
163
164
164
164
165
165
166
166
166
167
167
168
168
168
168
169
169
169
170
170
170
171
171
171
172
172
172
173
173
174
174
174
175
175
175
176
176
177
177
177
177
178
178
179
179
179
179
180
180
180
180
181
181
181
181
182
183
184
184
185
185
186
186
186
187
188
188
189
189
190
190
190
191
191
191
192
192
192
193
193
193
194
194
195
195
196
197
197
198
198
198
199
199
199
199
200
200
200
201
201
201
201
202
203
203
204
204
205
205
205
205
206
206
206
206
207
207
207
208
208
208
209
210
210
210
211
211
211
212
212
213
213
213
214
214
215
215
215
216
216
217
217
218
218
218
219
219
219
220
220
220
221
221
222
222
222
222
223
223
224
225
226
227
228
229
230
230
231
231
232
232
232
232
233
233
234
234
235
235
235
236
236
236
237
237
237
237
238
238
239
239
240
240
240
241
241
241
241
242
242
242
242
243
243
243
243
244
244
244
245
245
246
246
247
247
247
248
248
248
249
249
250
250
250
251
251
252
253
253
253
253
254
254
254
255
255
255
256
257
257
258
259
260
260
261
261
261
262
262
262
263
263
263
264
265
265
266
266
266
266
267
267
268
268
270
270
270
271
271
271
272
272
273
273
273
274
274
275
276
276
277
277
277
278
279
279
280
280
281
281
282
283
283
284
285
285
286
286
287
287
288
288
288
289
289
290
290
291
291
292
292
293
293
294
294
295
295
296
296
297
297
297
298
298
298
299
299
300
300
301
302
302
302
303
303
303
304
305
305
306
306
307
307
310
310
310
312
313
314
315
315
315
316
316
316
317
317
317
318
318
318
319
320
320
321
321
322
323
324
324
324
325
327
329
330
330
331
332
333
333
334
334
335
336
336
337
337
338
338
339
339
340
341
342
342
342
343
344
345
346
348
349
349
350
351
352
353
354
354
355
356
357
357
357
358
358
358
359
360
360
361
361
362
362
363
363
364
365
366
367
369
369
369
369
370
370
371
372
372
373
374
374
374
375
375
375
376
376
376
377
377
378
378
379
379
380
380
381
381
382
382
383
384
385
385
386
386
386
387
387
387
387
388
388
389
389
390
390
390
391
391
391
392
392
393
393
394
394
396
397
398
399
399
400
401
401
402
402
402
402
403
403
403
403
404
404
404
405
405
405
406
406
406
406
407
407
408
408
409
409
413
414
414
414
414
415
415
415
416
416
417
417
419
420
420
420
420
421
421
421
422
422
423
423
423
425
425
426
426
427
427
428
428
429
429
430
430
431
431
432
432
433
433
434
434
435
435
436
436
437
437
438
438
439
439
440
440
441
442
443
443
444
444
445
445
445
445
446
446
446
447
447
447
448
448
448
448
449
449
449
449
450
450
451
451
452
452
452
452
453
453
453
453
454
454
454
454
455
455
455
456
456
456
457
458
459
460
461
462
463
464
465
466
466
466
467
467
467
468
468
468
469
469
469
470
470
470
471
471
472
472
472
473
473
473
474
474
474
475
475
476
476
477
477
477
478
478
478
479
479
480
480
480
481
481
482
482
483
483
483
484
484
484
485
485
486
486
486
486
487
487
488
489
489
489
490
490
490
491
491
491
492
493
493
494
495
496
498
499
500
501
502
504
508
510
510
510
511
512
512
512
513
513
513
514
514
514
514
515
515
517
517
518
518
519
519
519
520
520
520
521
521
522
522
523
523
524
524
524
525
525
525
526
526
527
527
527
527
528
528
528
528
529
529
529
530
531
532
533
534
535
535
535
535
536
536
537
537
537
538
538
538
539
539
540
540
542
542
543
543
544
544
545
545
546
546
547
547
547
548
548
549
549
550
550
550
551
551
552
552
553
553
554
554
555
555
556
556
556
556
557
557
558
558
559
559
560
560
561
561
562
562
562
563
563
564
564
565
566
567
568
568
569
569
570
570
571
572
572
573
573
573
574
574
575
575
575
576
576
577
578
579
579
579
580
580
581
581
582
582
582
583
583
584
584
594
595
595
600
601
602
603
603
604
606
606
607
607
608
608
609
609
610
610
611
612
613
614
615
615
616
616
616
617
617
618
619
620
620
621
622
623
623
623
624
624
625
625
627
627
628
628
629
629
630
630
631
631
632
633
633
634
635
635
635
636
636
637
637
638
638
639
639
639
640
640
642
642
642
643
643
644
644
647
647
648
648
648
649
649
649
650
650
651
652
652
652
653
653
653
654
654
654
655
656
656
657
657
658
659
659
659
660
660
661
661
662
662
663
663
663
663
664
665
665
666
666
668
668
668
670
670
670
671
676
676
677
677
679
679
680
681
681
682
682
683
684
685
685
686
686
688
689
690
692
692
693
695
696
697
697
698
698
699
699
701
704
704
708
709
710
710
710
711
712
714
714
715
716
716
719
719
720
721
723
723
724
725
725
726
726
726
728
729
731
733
733
735
736
736
737
737
741
741
742
744
745
746
747
748
749
750
750
751
752
753
754
755
756
757
758
759
760
761
762
763
765
765
766
767
770
770
772
774
775
776
778
780
782
784
785
785
787
787
788
789
790
791
791
793
793
795
796
796
798
800
801
801
803
803
803
805
806
806
807
807
809
809
813
813
815
816
817
819
821
822
823
824
826
827
827
828
828
829
829
830
830
833
834
834
837
838
839
839
843
844
845
845
846
848
850
850
851
855
856
857
860
862
862
863
868
869
870
872
873
874
875
876
878
879
880
880
881
882
885
886
887
887
888
890
893
893
896
897
898
900
903
904
904
905
906
908
908
911
912
915
916
917
917
918
920
920
922
922
928
929
930
930
934
935
938
943
944
948
953
957
957
959
962
964
967
968
971
973
974
979
979
980
2
3
4
5
7
8
9
10
11
12
13
14
15
16
17
18
20
21
22
23
24
25
27
31
48
64
65
70
73
78
81
82
83
89
111
112
113
114
122
124
125
126
127
128
129
130
131
167
173
176
192
196
197
202
203
204
209
216
224
225
226
227
228
233
240
247
255
256
257
261
263
290
291
292
300
302
303
307
308
309
311
312
316
317
318
320
321
325
326
327
328
331
332
337
338
347
351
352
353
356
359
360
361
362
363
370
383
384
391
392
393
394
395
396
397
398
400
401
409
410
411
412
413
415
416
418
422
424
426
427
428
429
430
431
432
433
434
435
436
437
438
439
440
441
443
447
450
457
458
459
460
461
462
463
464
465
474
475
476
477
479
480
481
482
487
488
491
492
494
495
496
497
498
499
500
501
502
503
504
505
506
507
508
509
510
517
518
520
523
524
530
531
532
533
534
536
537
538
540
541
542
544
545
546
550
551
552
553
554
555
557
558
559
561
565
568
569
570
571
574
577
578
579
580
583
585
586
587
588
589
590
591
592
593
596
597
598
599
600
601
602
604
605
606
607
608
609
610
611
612
613
614
615
616
617
618
619
620
621
622
623
624
625
626
627
628
629
630
631
632
633
634
636
637
638
640
641
643
645
646
648
651
653
654
655
656
658
661
664
665
666
667
668
669
670
671
672
673
679
680
681
683
684
685
692
694
695
696
698
699
700
701
702
703
704
706
707
708
711
713
714
716
717
718
719
720
721
723
724
725
727
728
729
730
731
732
734
735
736
737
738
739
740
744
745
746
747
748
749
750
751
752
753
754
755
756
757
758
759
760
761
762
763
764
765
766
767
768
769
770
772
773
776
779
780
782
783
784
786
787
788
791
792
796
797
798
801
802
805
806
808
809
810
811
813
816
818
820
822
823
827
829
833
835
839
841
845
846
847
851
852
853
857
859
863
864
865
866
869
870
871
875
877
878
881
883
887
889
893
894
895
897
898
900
901
902
905
906
907
911
913
917
918
919
923
929
930
931
932
933
935
937
938
939
940
942
943
946
949
951
952
955
956
957
958
961
962
964
966
968
969
971
972
973
974
975
976
979
980
981
)


// ************************************************************************* //
