/*--------------------------------*- C++ -*----------------------------------*\
| =========                 |                                                 |
| \\      /  F ield         | OpenFOAM: The Open Source CFD Toolbox           |
|  \\    /   O peration     | Version:  2412                                  |
|   \\  /    A nd           | Website:  www.openfoam.com                      |
|    \\/     M anipulation  |                                                 |
\*---------------------------------------------------------------------------*/
FoamFile
{
    version     2.0;
    format      ascii;
    arch        "LSB;label=32;scalar=64";
    class       vectorField;
    location    "constant/polyMesh";
    object      points;
}
// * * * * * * * * * * * * * * * * * * * * * * * * * * * * * * * * * * * * * //


309
(
(-5 -5 0)
(-5 -5 10)
(5 -5 10)
(5 -5 0)
(5 5 10)
(5 5 0)
(-5 5 10)
(-5 5 0)
(-5 -5 1.666666667)
(-5 -5 3.333333333)
(-5 -5 5)
(-5 -5 6.666666667)
(-5 -5 8.333333333)
(-3.333333333 -5 10)
(-1.666666667 -5 10)
(-1.421085472e-14 -5 10)
(1.666666667 -5 10)
(3.333333333 -5 10)
(5 -5 1.666666667)
(5 -5 3.333333333)
(5 -5 5)
(5 -5 6.666666667)
(5 -5 8.333333333)
(-3.333333333 -5 0)
(-1.666666667 -5 0)
(-1.421085472e-14 -5 0)
(1.666666667 -5 0)
(3.333333333 -5 0)
(5 -3.333333333 10)
(5 -1.666666667 10)
(5 -1.421085472e-14 10)
(5 1.666666667 10)
(5 3.333333333 10)
(5 5 1.666666667)
(5 5 3.333333333)
(5 5 5)
(5 5 6.666666667)
(5 5 8.333333333)
(5 -3.333333333 0)
(5 -1.666666667 0)
(5 -1.421085472e-14 0)
(5 1.666666667 0)
(5 3.333333333 0)
(3.333333333 5 10)
(1.666666667 5 10)
(1.421085472e-14 5 10)
(-1.666666667 5 10)
(-3.333333333 5 10)
(-5 5 1.666666667)
(-5 5 3.333333333)
(-5 5 5)
(-5 5 6.666666667)
(-5 5 8.333333333)
(3.333333333 5 0)
(1.666666667 5 0)
(1.421085472e-14 5 0)
(-1.666666667 5 0)
(-3.333333333 5 0)
(-5 3.333333333 10)
(-5 1.666666667 10)
(-5 1.421085472e-14 10)
(-5 -1.666666667 10)
(-5 -3.333333333 10)
(-5 3.333333333 0)
(-5 1.666666667 0)
(-5 1.421085472e-14 0)
(-5 -1.666666667 0)
(-5 -3.333333333 0)
(-1.776356839e-15 -5 5)
(1.960869756 -5 7.258488803)
(-2.258488803 -5 6.960869756)
(2.258488803 -5 3.039130244)
(-1.960869756 -5 2.741511197)
(2.776035631 -5 4.88393918)
(0.1160608197 -5 7.776035631)
(-2.776035631 -5 5.11606082)
(-0.1160608197 -5 2.223964369)
(-3.291666667 -5 1.708333333)
(3.291666667 -5 1.708333333)
(-3.291666667 -5 8.291666667)
(3.291666667 -5 8.291666667)
(3.523190243 -5 3.601312291)
(-3.387449113 -5 3.64004194)
(-1.35995806 -5 8.387449113)
(-1.398687709 -5 1.476809757)
(3.387449113 -5 6.35995806)
(1.398687709 -5 8.523190243)
(-3.523190243 -5 6.398687709)
(1.35995806 -5 1.612550887)
(1.318048833 -5 5.761926715)
(-0.844474391 -5 6.248416826)
(-1.256840058 -5 4.148420302)
(0.8424792976 -5 3.750333166)
(4.163955123 -5 0.8360448771)
(-4.162870505 -5 9.162870505)
(4.15922619 -5 9.15922619)
(-4.163955123 -5 0.8360448771)
(5 -1.776356839e-15 5)
(5 1.960869756 7.258488803)
(5 -2.258488803 6.960869756)
(5 2.258488803 3.039130244)
(5 -1.960869756 2.741511197)
(5 2.776035631 4.88393918)
(5 0.1160608197 7.776035631)
(5 -2.776035631 5.11606082)
(5 -0.1160608197 2.223964369)
(5 -3.291666667 1.708333333)
(5 3.291666667 1.708333333)
(5 -3.291666667 8.291666667)
(5 3.291666667 8.291666667)
(5 3.523190243 3.601312291)
(5 -3.387449113 3.64004194)
(5 -1.35995806 8.387449113)
(5 -1.398687709 1.476809757)
(5 3.387449113 6.35995806)
(5 1.398687709 8.523190243)
(5 -3.523190243 6.398687709)
(5 1.35995806 1.612550887)
(5 1.318048833 5.761926715)
(5 -0.844474391 6.248416826)
(5 -1.256840058 4.148420302)
(5 0.8424792976 3.750333166)
(5 4.162870505 0.8371294947)
(5 -4.162870505 9.162870505)
(5 4.15922619 9.15922619)
(5 -4.163955123 0.8360448771)
(1.776356839e-15 5 5)
(-1.960869756 5 7.258488803)
(2.258488803 5 6.960869756)
(-2.258488803 5 3.039130244)
(1.960869756 5 2.741511197)
(-2.776035631 5 4.88393918)
(-0.1160608197 5 7.776035631)
(2.776035631 5 5.11606082)
(0.1160608197 5 2.223964369)
(3.291666667 5 1.708333333)
(-3.291666667 5 1.708333333)
(3.291666667 5 8.291666667)
(-3.291666667 5 8.291666667)
(-3.523190243 5 3.601312291)
(3.387449113 5 3.64004194)
(1.35995806 5 8.387449113)
(1.398687709 5 1.476809757)
(-3.387449113 5 6.35995806)
(-1.398687709 5 8.523190243)
(3.523190243 5 6.398687709)
(-1.35995806 5 1.612550887)
(-1.318048833 5 5.761926715)
(0.844474391 5 6.248416826)
(1.256840058 5 4.148420302)
(-0.8424792976 5 3.750333166)
(-4.163955123 5 0.8360448771)
(4.162870505 5 9.162870505)
(-4.15922619 5 9.15922619)
(4.163955123 5 0.8360448771)
(-5 1.776356839e-15 5)
(-5 -1.960869756 7.258488803)
(-5 -2.258488803 3.039130244)
(-5 2.258488803 6.960869756)
(-5 1.960869756 2.741511197)
(-5 -2.776035631 4.88393918)
(-5 -0.1160608197 7.776035631)
(-5 2.776035631 5.11606082)
(-5 0.1160608197 2.223964369)
(-5 3.291666667 1.708333333)
(-5 -3.291666667 1.708333333)
(-5 3.291666667 8.291666667)
(-5 -3.291666667 8.291666667)
(-5 -3.523190243 3.601312291)
(-5 3.387449113 3.64004194)
(-5 1.35995806 8.387449113)
(-5 1.398687709 1.476809757)
(-5 -3.387449113 6.35995806)
(-5 -1.398687709 8.523190243)
(-5 3.523190243 6.398687709)
(-5 -1.35995806 1.612550887)
(-5 -1.318048833 5.761926715)
(-5 0.844474391 6.248416826)
(-5 1.256840058 4.148420302)
(-5 -0.8424792976 3.750333166)
(-5 -4.163955123 0.8360448771)
(-5 4.162870505 9.162870505)
(-5 -4.15922619 9.15922619)
(-5 4.163955123 0.8360448771)
(-1.445000813e-17 0 0)
(-1.960869756 -2.258488803 0)
(2.258488803 -1.960869756 0)
(1.960869756 2.258488803 0)
(-2.258488803 1.960869756 0)
(-2.776035631 0.1160608197 0)
(-0.1160608197 -2.776035631 0)
(2.776035631 -0.1160608197 0)
(0.1160608197 2.776035631 0)
(-3.291666667 -3.291666667 0)
(3.291666667 -3.291666667 0)
(3.291666667 3.291666667 0)
(-3.291666667 3.291666667 0)
(-1.398687709 -3.523190243 0)
(3.523190243 -1.398687709 0)
(1.398687709 3.523190243 0)
(-3.523190243 1.398687709 0)
(1.35995806 -3.387449113 0)
(3.387449113 1.35995806 0)
(-1.35995806 3.387449113 0)
(-3.387449113 -1.35995806 0)
(-1.318048833 -0.761926715 0)
(0.844474391 -1.248416826 0)
(1.256840058 0.8515796979 0)
(-0.8424792976 1.249666834 0)
(-4.163955123 -4.163955123 0)
(4.163955123 -4.163955123 0)
(4.166666667 4.166666667 0)
(-4.166666667 4.166666667 0)
(-1.445000813e-17 0 10)
(-1.960869756 -2.258488803 10)
(2.258488803 -1.960869756 10)
(1.960869756 2.258488803 10)
(-2.258488803 1.960869756 10)
(-2.776035631 0.1160608197 10)
(-0.1160608197 -2.776035631 10)
(2.776035631 -0.1160608197 10)
(0.1160608197 2.776035631 10)
(-3.291666667 -3.291666667 10)
(3.291666667 -3.291666667 10)
(3.291666667 3.291666667 10)
(-3.291666667 3.291666667 10)
(-1.398687709 -3.523190243 10)
(3.523190243 -1.398687709 10)
(1.398687709 3.523190243 10)
(-3.523190243 1.398687709 10)
(1.35995806 -3.387449113 10)
(3.387449113 1.35995806 10)
(-1.35995806 3.387449113 10)
(-3.387449113 -1.35995806 10)
(-1.318048833 -0.761926715 10)
(0.844474391 -1.248416826 10)
(1.256840058 0.8515796979 10)
(-0.8424792976 1.249666834 10)
(-4.166666667 -4.166666667 10)
(4.166666667 -4.166666667 10)
(4.163955123 4.163955123 10)
(-4.166666667 4.166666667 10)
(0.01526345521 2.63816248 4.977858327)
(2.770328656 2.871611293 2.888836212)
(-2.616530069 -2.969584737 2.456306366)
(2.752099364 -2.506693932 2.347468323)
(-2.96556478 2.591381684 2.467983244)
(-2.654616173 2.625249694 7.656043493)
(-2.464314405 -2.585315865 7.558146437)
(2.796549341 2.741361847 7.478046099)
(2.787350794 -2.57782922 7.85346028)
(-0.1253400731 -2.636894279 4.782494839)
(2.801734962 0.08791211381 4.96664133)
(-2.77878456 0.002441069123 4.93841284)
(-0.02878973612 0.01155901435 2.211200155)
(0.1043353047 -0.08883745868 7.364769204)
(-0.01161927131 3.173169211 1.852312849)
(3.184127996 0.07290481992 1.863209994)
(2.647564761 0.1202881132 8.198487297)
(-3.2078044 0.2828419427 1.819908268)
(2.775913889 -2.880892913 5.121411703)
(-2.948971404 2.880601547 5.08608088)
(3.005673991 2.983858482 5.08645482)
(-2.88509205 -2.941910662 4.996843933)
(-2.86880002 -0.003663647039 7.884168887)
(-0.1047590189 -3.2698329 1.861944078)
(0.04148964003 2.82308323 7.979145424)
(0.07266962437 -2.866009581 7.836474322)
(-3.676064504 -1.895968784 1.337924543)
(3.747881737 2.190674635 1.220970543)
(-2.091336278 3.79906983 1.213780675)
(4.071424932 -1.248664088 0.9466730202)
(4.072970063 3.966044556 6.520002809)
(-4.111609644 -4.078009015 5.719689874)
(-4.083967708 4.104122833 5.92351511)
(4.079708168 -4.157149896 6.088814171)
(-4.13923428 4.075397993 4.387573668)
(-4.0641303 -4.126335593 4.354950812)
(4.11604819 -4.060359506 4.352518577)
(4.057427901 4.071790638 4.718961091)
(0.7178454261 4.113152947 9.094249803)
(3.982071178 -0.267907046 9.125385444)
(-4.110297282 0.6442525813 9.05738124)
(-4.043540665 -0.7262284773 9.130105584)
(3.79074504 1.979558618 8.997192962)
(2.047660852 -3.949952234 1.19258077)
(-0.6968657484 4.046165815 9.14862883)
(-0.9881392782 -4.154664201 9.066619448)
(1.085271754 -4.073679795 9.179703348)
(3.958653124 3.962739029 1.112648914)
(-3.91237172 -3.975737331 1.028528214)
(2.171384421 3.785728325 1.203392778)
(3.869372046 -3.903417808 8.872371814)
(-3.980318351 3.908532366 1.011750592)
(-3.804114581 -3.46112186 8.493515531)
(4.025532729 3.813754418 8.555850818)
(-3.61347223 3.935381239 8.729637319)
(3.831234081 -3.920883846 1.484008745)
(-4.20714826 -4.259059155 9.2635271)
(-4.051673566 -4.145111855 2.540637183)
(4.447810886 -4.409148545 0.6134654263)
(-4.14523362 4.048708137 2.542993704)
(4.391701914 4.441720971 9.384629601)
(-4.400892163 4.413441969 9.421586969)
(4.097878843 -2.541915172 0.9222609402)
(-4.083947783 2.478142721 9.056491842)
(2.979562049 4.168083062 9.101717241)
(4.347271848 -3.499859025 0.7381200939)
(-4.280534892 3.495133636 9.311165475)
)


// ************************************************************************* //
